Relative_dose_[%],Dose_[cGy],Ratio_of_Total_Structure_Volume_[%]
0.0,0.0,100.0
0.1,5.0,100.0
0.2,10.0,100.0
0.3,15.0,100.0
0.4,20.0,100.0
0.5,25.0,100.0
0.6,30.0,100.0
0.7,35.0,100.0
0.8,40.0,100.0
0.9,45.0,100.0
1.0,50.0,100.0
1.1,55.0,100.0
1.2,60.0,100.0
1.3,65.0,100.0
1.4,70.0,100.0
1.5,75.0,100.0
1.6,80.0,100.0
1.7,85.0,100.0
1.8,90.0,100.0
1.9,95.0,100.0
2.0,100.0,100.0
2.1,105.0,100.0
2.2,110.0,100.0
2.3,115.0,100.0
2.4,120.0,100.0
2.5,125.0,100.0
2.6,130.0,100.0
2.7,135.0,100.0
2.8,140.0,100.0
2.9,145.0,100.0
3.0,150.0,100.0
3.1,155.0,100.0
3.2,160.0,100.0
3.3,165.0,100.0
3.4,170.0,100.0
3.5,175.0,100.0
3.6,180.0,100.0
3.7,185.0,100.0
3.8,190.0,100.0
3.9,195.0,100.0
4.0,200.0,100.0
4.1,205.0,100.0
4.2,210.0,100.0
4.3,215.0,100.0
4.4,220.0,100.0
4.5,225.0,100.0
4.6,230.0,100.0
4.7,235.0,100.0
4.8,240.0,100.0
4.9,245.0,100.0
5.0,250.0,100.0
5.1,255.0,100.0
5.2,260.0,100.0
5.3,265.0,100.0
5.4,270.0,100.0
5.5,275.0,100.0
5.6,280.0,100.0
5.7,285.0,100.0
5.8,290.0,100.0
5.9,295.0,100.0
6.0,300.0,100.0
6.1,305.0,100.0
6.2,310.0,100.0
6.3,315.0,100.0
6.4,320.0,100.0
6.5,325.0,100.0
6.6,330.0,100.0
6.7,335.0,100.0
6.8,340.0,100.0
6.9,345.0,100.0
7.0,350.0,100.0
7.1,355.0,100.0
7.2,360.0,100.0
7.3,365.0,100.0
7.4,370.0,100.0
7.5,375.0,100.0
7.6,380.0,100.0
7.7,385.0,100.0
7.8,390.0,100.0
7.9,395.0,100.0
8.0,400.0,100.0
8.1,405.0,100.0
8.2,410.0,100.0
8.3,415.0,100.0
8.4,420.0,100.0
8.5,425.0,100.0
8.6,430.0,100.0
8.7,435.0,100.0
8.8,440.0,100.0
8.9,445.0,100.0
9.0,450.0,100.0
9.1,455.0,100.0
9.2,460.0,100.0
9.3,465.0,100.0
9.4,470.0,100.0
9.5,475.0,100.0
9.6,480.0,100.0
9.7,485.0,100.0
9.8,490.0,100.0
9.9,495.0,100.0
10.0,500.0,100.0
10.1,505.0,100.0
10.2,510.0,100.0
10.3,515.0,100.0
10.4,520.0,100.0
10.5,525.0,100.0
10.6,530.0,100.0
10.7,535.0,100.0
10.8,540.0,100.0
10.9,545.0,100.0
11.0,550.0,100.0
11.1,555.0,100.0
11.2,560.0,100.0
11.3,565.0,100.0
11.4,570.0,100.0
11.5,575.0,100.0
11.6,580.0,100.0
11.7,585.0,100.0
11.8,590.0,100.0
11.9,595.0,100.0
12.0,600.0,100.0
12.1,605.0,100.0
12.2,610.0,100.0
12.3,615.0,100.0
12.4,620.0,100.0
12.5,625.0,100.0
12.6,630.0,100.0
12.7,635.0,100.0
12.8,640.0,100.0
12.9,645.0,100.0
13.0,650.0,100.0
13.1,655.0,100.0
13.2,660.0,100.0
13.3,665.0,100.0
13.4,670.0,100.0
13.5,675.0,100.0
13.6,680.0,100.0
13.7,685.0,100.0
13.8,690.0,100.0
13.9,695.0,100.0
14.0,700.0,100.0
14.1,705.0,100.0
14.2,710.0,100.0
14.3,715.0,100.0
14.4,720.0,100.0
14.5,725.0,100.0
14.6,730.0,100.0
14.7,735.0,100.0
14.8,740.0,100.0
14.9,745.0,100.0
15.0,750.0,100.0
15.1,755.0,100.0
15.2,760.0,100.0
15.3,765.0,100.0
15.4,770.0,100.0
15.5,775.0,100.0
15.6,780.0,100.0
15.7,785.0,100.0
15.8,790.0,100.0
15.9,795.0,100.0
16.0,800.0,100.0
16.1,805.0,100.0
16.2,810.0,100.0
16.3,815.0,100.0
16.4,820.0,100.0
16.5,825.0,100.0
16.6,830.0,100.0
16.7,835.0,100.0
16.8,840.0,100.0
16.9,845.0,100.0
17.0,850.0,100.0
17.1,855.0,100.0
17.2,860.0,100.0
17.3,865.0,100.0
17.4,870.0,100.0
17.5,875.0,100.0
17.6,880.0,100.0
17.7,885.0,100.0
17.8,890.0,100.0
17.9,895.0,100.0
18.0,900.0,100.0
18.1,905.0,100.0
18.2,910.0,100.0
18.3,915.0,100.0
18.4,920.0,100.0
18.5,925.0,100.0
18.6,930.0,100.0
18.7,935.0,100.0
18.8,940.0,100.0
18.9,945.0,100.0
19.0,950.0,100.0
19.1,955.0,100.0
19.2,960.0,100.0
19.3,965.0,100.0
19.4,970.0,100.0
19.5,975.0,100.0
19.6,980.0,100.0
19.7,985.0,100.0
19.8,990.0,100.0
19.9,995.0,100.0
20.0,1000.0,100.0
20.1,1005.0,100.0
20.2,1010.0,100.0
20.3,1015.0,100.0
20.4,1020.0,100.0
20.5,1025.0,100.0
20.6,1030.0,100.0
20.7,1035.0,100.0
20.8,1040.0,100.0
20.9,1045.0,100.0
21.0,1050.0,100.0
21.1,1055.0,100.0
21.2,1060.0,100.0
21.3,1065.0,100.0
21.4,1070.0,100.0
21.5,1075.0,100.0
21.6,1080.0,100.0
21.7,1085.0,100.0
21.8,1090.0,100.0
21.9,1095.0,100.0
22.0,1100.0,100.0
22.1,1105.0,100.0
22.2,1110.0,100.0
22.3,1115.0,100.0
22.4,1120.0,100.0
22.5,1125.0,100.0
22.6,1130.0,100.0
22.7,1135.0,100.0
22.8,1140.0,100.0
22.9,1145.0,100.0
23.0,1150.0,100.0
23.1,1155.0,100.0
23.2,1160.0,100.0
23.3,1165.0,100.0
23.4,1170.0,100.0
23.5,1175.0,100.0
23.6,1180.0,100.0
23.7,1185.0,100.0
23.8,1190.0,100.0
23.9,1195.0,100.0
24.0,1200.0,100.0
24.1,1205.0,100.0
24.2,1210.0,100.0
24.3,1215.0,100.0
24.4,1220.0,100.0
24.5,1225.0,100.0
24.6,1230.0,100.0
24.7,1235.0,100.0
24.8,1240.0,100.0
24.9,1245.0,100.0
25.0,1250.0,100.0
25.1,1255.0,100.0
25.2,1260.0,100.0
25.3,1265.0,100.0
25.4,1270.0,100.0
25.5,1275.0,100.0
25.6,1280.0,100.0
25.7,1285.0,100.0
25.8,1290.0,100.0
25.9,1295.0,100.0
26.0,1300.0,100.0
26.1,1305.0,100.0
26.2,1310.0,100.0
26.3,1315.0,100.0
26.4,1320.0,100.0
26.5,1325.0,100.0
26.6,1330.0,100.0
26.7,1335.0,100.0
26.8,1340.0,100.0
26.9,1345.0,100.0
27.0,1350.0,100.0
27.1,1355.0,100.0
27.2,1360.0,100.0
27.3,1365.0,100.0
27.4,1370.0,100.0
27.5,1375.0,100.0
27.6,1380.0,100.0
27.7,1385.0,100.0
27.8,1390.0,100.0
27.9,1395.0,100.0
28.0,1400.0,100.0
28.1,1405.0,100.0
28.2,1410.0,100.0
28.3,1415.0,100.0
28.4,1420.0,100.0
28.5,1425.0,100.0
28.6,1430.0,100.0
28.7,1435.0,100.0
28.8,1440.0,100.0
28.9,1445.0,99.9968
29.0,1450.0,99.9672
29.1,1455.0,99.873
29.2,1460.0,99.7225
29.3,1465.0,99.505
29.4,1470.0,99.2729
29.5,1475.0,99.051
29.6,1480.0,98.8285
29.7,1485.0,98.5993
29.8,1490.0,98.3619
29.9,1495.0,98.1233
30.0,1500.0,97.8965
30.1,1505.0,97.659
30.2,1510.0,97.413
30.3,1515.0,97.1677
30.4,1520.0,96.9024
30.5,1525.0,96.631
30.6,1530.0,96.3467
30.7,1535.0,96.0929
30.8,1540.0,95.855
30.9,1545.0,95.5928
31.0,1550.0,95.3321
31.1,1555.0,95.0859
31.2,1560.0,94.8315
31.3,1565.0,94.5633
31.4,1570.0,94.3113
31.5,1575.0,94.0602
31.6,1580.0,93.7913
31.7,1585.0,93.5355
31.8,1590.0,93.2833
31.9,1595.0,93.0405
32.0,1600.0,92.7938
32.1,1605.0,92.5558
32.2,1610.0,92.3088
32.3,1615.0,92.0629
32.4,1620.0,91.8122
32.5,1625.0,91.5755
32.6,1630.0,91.3181
32.7,1635.0,91.074
32.8,1640.0,90.8288
32.9,1645.0,90.5967
33.0,1650.0,90.3599
33.1,1655.0,90.1186
33.2,1660.0,89.8779
33.3,1665.0,89.6391
33.4,1670.0,89.4067
33.5,1675.0,89.1787
33.6,1680.0,88.9379
33.7,1685.0,88.699
33.8,1690.0,88.4653
33.9,1695.0,88.24
34.0,1700.0,87.9991
34.1,1705.0,87.7533
34.2,1710.0,87.5132
34.3,1715.0,87.276
34.4,1720.0,87.039
34.5,1725.0,86.8015
34.6,1730.0,86.5705
34.7,1735.0,86.3328
34.8,1740.0,86.1048
34.9,1745.0,85.8821
35.0,1750.0,85.6544
35.1,1755.0,85.4236
35.2,1760.0,85.1953
35.3,1765.0,84.9734
35.4,1770.0,84.7543
35.5,1775.0,84.5369
35.6,1780.0,84.3152
35.7,1785.0,84.0982
35.8,1790.0,83.8654
35.9,1795.0,83.6405
36.0,1800.0,83.42
36.1,1805.0,83.1895
36.2,1810.0,82.9665
36.3,1815.0,82.7467
36.4,1820.0,82.5289
36.5,1825.0,82.3068
36.6,1830.0,82.0834
36.7,1835.0,81.8653
36.8,1840.0,81.653
36.9,1845.0,81.4377
37.0,1850.0,81.2189
37.1,1855.0,81.0013
37.2,1860.0,80.7837
37.3,1865.0,80.5698
37.4,1870.0,80.3412
37.5,1875.0,80.1157
37.6,1880.0,79.8919
37.7,1885.0,79.6669
37.8,1890.0,79.4416
37.9,1895.0,79.2188
38.0,1900.0,78.9929
38.1,1905.0,78.7584
38.2,1910.0,78.5123
38.3,1915.0,78.2721
38.4,1920.0,78.0374
38.5,1925.0,77.7894
38.6,1930.0,77.5254
38.7,1935.0,77.2749
38.8,1940.0,77.0248
38.9,1945.0,76.7653
39.0,1950.0,76.507
39.1,1955.0,76.2449
39.2,1960.0,75.9782
39.3,1965.0,75.7123
39.4,1970.0,75.4314
39.5,1975.0,75.1558
39.6,1980.0,74.8859
39.7,1985.0,74.6111
39.8,1990.0,74.3296
39.9,1995.0,74.0321
40.0,2000.0,73.7479
40.1,2005.0,73.4499
40.2,2010.0,73.155
40.3,2015.0,72.8569
40.4,2020.0,72.5593
40.5,2025.0,72.2592
40.6,2030.0,71.9559
40.7,2035.0,71.6459
40.8,2040.0,71.3273
40.9,2045.0,71.0146
41.0,2050.0,70.6904
41.1,2055.0,70.3745
41.2,2060.0,70.0543
41.3,2065.0,69.7286
41.4,2070.0,69.3954
41.5,2075.0,69.0704
41.6,2080.0,68.7449
41.7,2085.0,68.4188
41.8,2090.0,68.0867
41.9,2095.0,67.755
42.0,2100.0,67.4217
42.1,2105.0,67.0797
42.2,2110.0,66.7486
42.3,2115.0,66.4193
42.4,2120.0,66.0883
42.5,2125.0,65.7529
42.6,2130.0,65.4137
42.7,2135.0,65.0753
42.8,2140.0,64.7268
42.9,2145.0,64.3903
43.0,2150.0,64.0499
43.1,2155.0,63.7117
43.2,2160.0,63.3661
43.3,2165.0,63.0208
43.4,2170.0,62.6787
43.5,2175.0,62.3256
43.6,2180.0,61.9774
43.7,2185.0,61.6342
43.8,2190.0,61.2706
43.9,2195.0,60.911
44.0,2200.0,60.559
44.1,2205.0,60.2115
44.2,2210.0,59.856
44.3,2215.0,59.4949
44.4,2220.0,59.1377
44.5,2225.0,58.7766
44.6,2230.0,58.4031
44.7,2235.0,58.0208
44.8,2240.0,57.6434
44.9,2245.0,57.254
45.0,2250.0,56.8781
45.1,2255.0,56.4902
45.2,2260.0,56.0902
45.3,2265.0,55.6939
45.4,2270.0,55.3007
45.5,2275.0,54.8925
45.6,2280.0,54.4783
45.7,2285.0,54.0743
45.8,2290.0,53.6621
45.9,2295.0,53.2422
46.0,2300.0,52.8261
46.1,2305.0,52.4128
46.2,2310.0,51.9915
46.3,2315.0,51.5502
46.4,2320.0,51.0969
46.5,2325.0,50.6376
46.6,2330.0,50.1869
46.7,2335.0,49.7384
46.8,2340.0,49.2981
46.9,2345.0,48.793
47.0,2350.0,48.3391
47.1,2355.0,47.9008
47.2,2360.0,47.48
47.3,2365.0,47.0612
47.4,2370.0,46.6401
47.5,2375.0,46.2333
47.6,2380.0,45.8414
47.7,2385.0,45.4602
47.8,2390.0,45.085
47.9,2395.0,44.7115
48.0,2400.0,44.3398
48.1,2405.0,43.9767
48.2,2410.0,43.612
48.3,2415.0,43.2549
48.4,2420.0,42.9016
48.5,2425.0,42.5409
48.6,2430.0,42.1816
48.7,2435.0,41.8285
48.8,2440.0,41.481
48.9,2445.0,41.1367
49.0,2450.0,40.786
49.1,2455.0,40.4426
49.2,2460.0,40.1007
49.3,2465.0,39.7647
49.4,2470.0,39.431
49.5,2475.0,39.0914
49.6,2480.0,38.7594
49.7,2485.0,38.4257
49.8,2490.0,38.1018
49.9,2495.0,37.7805
50.0,2500.0,37.4587
50.1,2505.0,37.1561
50.2,2510.0,36.8578
50.3,2515.0,36.5546
50.4,2520.0,36.2485
50.5,2525.0,35.9619
50.6,2530.0,35.6784
50.7,2535.0,35.4044
50.8,2540.0,35.1337
50.9,2545.0,34.8684
51.0,2550.0,34.6133
51.1,2555.0,34.3606
51.2,2560.0,34.1173
51.3,2565.0,33.8772
51.4,2570.0,33.6354
51.5,2575.0,33.4007
51.6,2580.0,33.1686
51.7,2585.0,32.9376
51.8,2590.0,32.7153
51.9,2595.0,32.4949
52.0,2600.0,32.2772
52.1,2605.0,32.0638
52.2,2610.0,31.8543
52.3,2615.0,31.6466
52.4,2620.0,31.4411
52.5,2625.0,31.2377
52.6,2630.0,31.0367
52.7,2635.0,30.8375
52.8,2640.0,30.6396
52.9,2645.0,30.4437
53.0,2650.0,30.2486
53.1,2655.0,30.055
53.2,2660.0,29.8631
53.3,2665.0,29.6716
53.4,2670.0,29.4811
53.5,2675.0,29.2911
53.6,2680.0,29.1012
53.7,2685.0,28.9119
53.8,2690.0,28.7224
53.9,2695.0,28.5328
54.0,2700.0,28.3434
54.1,2705.0,28.1555
54.2,2710.0,27.9694
54.3,2715.0,27.7854
54.4,2720.0,27.6039
54.5,2725.0,27.4249
54.6,2730.0,27.2483
54.7,2735.0,27.0734
54.8,2740.0,26.9004
54.9,2745.0,26.7286
55.0,2750.0,26.5583
55.1,2755.0,26.3891
55.2,2760.0,26.2212
55.3,2765.0,26.0549
55.4,2770.0,25.8905
55.5,2775.0,25.7279
55.6,2780.0,25.5663
55.7,2785.0,25.4061
55.8,2790.0,25.2473
55.9,2795.0,25.0897
56.0,2800.0,24.9333
56.1,2805.0,24.778
56.2,2810.0,24.6238
56.3,2815.0,24.4704
56.4,2820.0,24.3185
56.5,2825.0,24.1677
56.6,2830.0,24.0175
56.7,2835.0,23.8682
56.8,2840.0,23.7199
56.9,2845.0,23.5724
57.0,2850.0,23.4256
57.1,2855.0,23.2794
57.2,2860.0,23.1337
57.3,2865.0,22.9885
57.4,2870.0,22.8436
57.5,2875.0,22.6993
57.6,2880.0,22.5553
57.7,2885.0,22.4116
57.8,2890.0,22.2683
57.9,2895.0,22.1254
58.0,2900.0,21.9831
58.1,2905.0,21.8412
58.2,2910.0,21.6993
58.3,2915.0,21.5576
58.4,2920.0,21.4155
58.5,2925.0,21.2733
58.6,2930.0,21.131
58.7,2935.0,20.9883
58.8,2940.0,20.8453
58.9,2945.0,20.7015
59.0,2950.0,20.5563
59.1,2955.0,20.4091
59.2,2960.0,20.2584
59.3,2965.0,20.106
59.4,2970.0,19.9515
59.5,2975.0,19.795
59.6,2980.0,19.6353
59.7,2985.0,19.4732
59.8,2990.0,19.3077
59.9,2995.0,19.1375
60.0,3000.0,18.9617
60.1,3005.0,18.7802
60.2,3010.0,18.5917
60.3,3015.0,18.3957
60.4,3020.0,18.1917
60.5,3025.0,17.9761
60.6,3030.0,17.7487
60.7,3035.0,17.5102
60.8,3040.0,17.2598
60.9,3045.0,16.998
61.0,3050.0,16.7227
61.1,3055.0,16.4309
61.2,3060.0,16.1124
61.3,3065.0,15.7791
61.4,3070.0,15.4534
61.5,3075.0,15.1356
61.6,3080.0,14.8169
61.7,3085.0,14.5093
61.8,3090.0,14.2
61.9,3095.0,13.8939
62.0,3100.0,13.5906
62.1,3105.0,13.2955
62.2,3110.0,13.0103
62.3,3115.0,12.7406
62.4,3120.0,12.4743
62.5,3125.0,12.2073
62.6,3130.0,11.962
62.7,3135.0,11.7279
62.8,3140.0,11.4835
62.9,3145.0,11.2439
63.0,3150.0,11.0146
63.1,3155.0,10.802
63.2,3160.0,10.5912
63.3,3165.0,10.378
63.4,3170.0,10.159
63.5,3175.0,9.94447
63.6,3180.0,9.74167
63.7,3185.0,9.5499
63.8,3190.0,9.36354
63.9,3195.0,9.18317
64.0,3200.0,9.00808
64.1,3205.0,8.83373
64.2,3210.0,8.65317
64.3,3215.0,8.48145
64.4,3220.0,8.31822
64.5,3225.0,8.15955
64.6,3230.0,8.00664
64.7,3235.0,7.85886
64.8,3240.0,7.71483
64.9,3245.0,7.5734
65.0,3250.0,7.43701
65.1,3255.0,7.29277
65.2,3260.0,7.15267
65.3,3265.0,7.01813
65.4,3270.0,6.88867
65.5,3275.0,6.76062
65.6,3280.0,6.63713
65.7,3285.0,6.51256
65.8,3290.0,6.39089
65.9,3295.0,6.27064
66.0,3300.0,6.15039
66.1,3305.0,6.01225
66.2,3310.0,5.88356
66.3,3315.0,5.76525
66.4,3320.0,5.65337
66.5,3325.0,5.54048
66.6,3330.0,5.41251
66.7,3335.0,5.29704
66.8,3340.0,5.17645
66.9,3345.0,5.05793
67.0,3350.0,4.93612
67.1,3355.0,4.81514
67.2,3360.0,4.68638
67.3,3365.0,4.56257
67.4,3370.0,4.4353
67.5,3375.0,4.32528
67.6,3380.0,4.21971
67.7,3385.0,4.12085
67.8,3390.0,4.02537
67.9,3395.0,3.93863
68.0,3400.0,3.85432
68.1,3405.0,3.76868
68.2,3410.0,3.68216
68.3,3415.0,3.60839
68.4,3420.0,3.54307
68.5,3425.0,3.47007
68.6,3430.0,3.39304
68.7,3435.0,3.32923
68.8,3440.0,3.27062
68.9,3445.0,3.2105
69.0,3450.0,3.1517
69.1,3455.0,3.09945
69.2,3460.0,3.05061
69.3,3465.0,3.0068
69.4,3470.0,2.96575
69.5,3475.0,2.92691
69.6,3480.0,2.88935
69.7,3485.0,2.85015
69.8,3490.0,2.81523
69.9,3495.0,2.78134
70.0,3500.0,2.75006
70.1,3505.0,2.72004
70.2,3510.0,2.69031
70.3,3515.0,2.65615
70.4,3520.0,2.63054
70.5,3525.0,2.60584
70.6,3530.0,2.57832
70.7,3535.0,2.55281
70.8,3540.0,2.53153
70.9,3545.0,2.5117
71.0,3550.0,2.49237
71.1,3555.0,2.4734
71.2,3560.0,2.45493
71.3,3565.0,2.43715
71.4,3570.0,2.41946
71.5,3575.0,2.40165
71.6,3580.0,2.38391
71.7,3585.0,2.3663
71.8,3590.0,2.34896
71.9,3595.0,2.33173
72.0,3600.0,2.31451
72.1,3605.0,2.29721
72.2,3610.0,2.2799
72.3,3615.0,2.26263
72.4,3620.0,2.24539
72.5,3625.0,2.22859
72.6,3630.0,2.212
72.7,3635.0,2.19536
72.8,3640.0,2.17873
72.9,3645.0,2.16199
73.0,3650.0,2.14532
73.1,3655.0,2.12876
73.2,3660.0,2.11222
73.3,3665.0,2.09568
73.4,3670.0,2.07909
73.5,3675.0,2.06257
73.6,3680.0,2.04605
73.7,3685.0,2.02961
73.8,3690.0,2.01314
73.9,3695.0,1.99679
74.0,3700.0,1.98053
74.1,3705.0,1.96425
74.2,3710.0,1.94796
74.3,3715.0,1.93174
74.4,3720.0,1.91562
74.5,3725.0,1.89952
74.6,3730.0,1.88328
74.7,3735.0,1.86706
74.8,3740.0,1.85081
74.9,3745.0,1.8348
75.0,3750.0,1.819
75.1,3755.0,1.80337
75.2,3760.0,1.78781
75.3,3765.0,1.77229
75.4,3770.0,1.75682
75.5,3775.0,1.74139
75.6,3780.0,1.72599
75.7,3785.0,1.71053
75.8,3790.0,1.69502
75.9,3795.0,1.67966
76.0,3800.0,1.66445
76.1,3805.0,1.64925
76.2,3810.0,1.63403
76.3,3815.0,1.61911
76.4,3820.0,1.60444
76.5,3825.0,1.58986
76.6,3830.0,1.57546
76.7,3835.0,1.56131
76.8,3840.0,1.54745
76.9,3845.0,1.53364
77.0,3850.0,1.52009
77.1,3855.0,1.50658
77.2,3860.0,1.49309
77.3,3865.0,1.47988
77.4,3870.0,1.46661
77.5,3875.0,1.45344
77.6,3880.0,1.4403
77.7,3885.0,1.42731
77.8,3890.0,1.41443
77.9,3895.0,1.40168
78.0,3900.0,1.38872
78.1,3905.0,1.37569
78.2,3910.0,1.3627
78.3,3915.0,1.34978
78.4,3920.0,1.33675
78.5,3925.0,1.32378
78.6,3930.0,1.31086
78.7,3935.0,1.29791
78.8,3940.0,1.28513
78.9,3945.0,1.27252
79.0,3950.0,1.26003
79.1,3955.0,1.24757
79.2,3960.0,1.2352
79.3,3965.0,1.22295
79.4,3970.0,1.21067
79.5,3975.0,1.19835
79.6,3980.0,1.1861
79.7,3985.0,1.17395
79.8,3990.0,1.16184
79.9,3995.0,1.14989
80.0,4000.0,1.13804
80.1,4005.0,1.12615
80.2,4010.0,1.11441
80.3,4015.0,1.1026
80.4,4020.0,1.09065
80.5,4025.0,1.07874
80.6,4030.0,1.06698
80.7,4035.0,1.05524
80.8,4040.0,1.0436
80.9,4045.0,1.03205
81.0,4050.0,1.0207
81.1,4055.0,1.00932
81.2,4060.0,0.997911
81.3,4065.0,0.986627
81.4,4070.0,0.97569
81.5,4075.0,0.964878
81.6,4080.0,0.954081
81.7,4085.0,0.943626
81.8,4090.0,0.933619
81.9,4095.0,0.923838
82.0,4100.0,0.914316
82.1,4105.0,0.90503
82.2,4110.0,0.895939
82.3,4115.0,0.886906
82.4,4120.0,0.877955
82.5,4125.0,0.869049
82.6,4130.0,0.860262
82.7,4135.0,0.851611
82.8,4140.0,0.843268
82.9,4145.0,0.83505
83.0,4150.0,0.826869
83.1,4155.0,0.8186
83.2,4160.0,0.810365
83.3,4165.0,0.802125
83.4,4170.0,0.793782
83.5,4175.0,0.785362
83.6,4180.0,0.77689
83.7,4185.0,0.768452
83.8,4190.0,0.759978
83.9,4195.0,0.751499
84.0,4200.0,0.743133
84.1,4205.0,0.734741
84.2,4210.0,0.72625
84.3,4215.0,0.717661
84.4,4220.0,0.709152
84.5,4225.0,0.700695
84.6,4230.0,0.692242
84.7,4235.0,0.683831
84.8,4240.0,0.675442
84.9,4245.0,0.667071
85.0,4250.0,0.658681
85.1,4255.0,0.650083
85.2,4260.0,0.641448
85.3,4265.0,0.632847
85.4,4270.0,0.624321
85.5,4275.0,0.615854
85.6,4280.0,0.607481
85.7,4285.0,0.599094
85.8,4290.0,0.590718
85.9,4295.0,0.58228
86.0,4300.0,0.57374
86.1,4305.0,0.565073
86.2,4310.0,0.556406
86.3,4315.0,0.54764
86.4,4320.0,0.538824
86.5,4325.0,0.529999
86.6,4330.0,0.521205
86.7,4335.0,0.512568
86.8,4340.0,0.504029
86.9,4345.0,0.495356
87.0,4350.0,0.486856
87.1,4355.0,0.478401
87.2,4360.0,0.470041
87.3,4365.0,0.461709
87.4,4370.0,0.453235
87.5,4375.0,0.444583
87.6,4380.0,0.435947
87.7,4385.0,0.427216
87.8,4390.0,0.418394
87.9,4395.0,0.409447
88.0,4400.0,0.400308
88.1,4405.0,0.391336
88.2,4410.0,0.382433
88.3,4415.0,0.373632
88.4,4420.0,0.364882
88.5,4425.0,0.356246
88.6,4430.0,0.347908
88.7,4435.0,0.339722
88.8,4440.0,0.331498
88.9,4445.0,0.323226
89.0,4450.0,0.315007
89.1,4455.0,0.307045
89.2,4460.0,0.299541
89.3,4465.0,0.292178
89.4,4470.0,0.284897
89.5,4475.0,0.277742
89.6,4480.0,0.270694
89.7,4485.0,0.263654
89.8,4490.0,0.256576
89.9,4495.0,0.249553
90.0,4500.0,0.242387
90.1,4505.0,0.235211
90.2,4510.0,0.228119
90.3,4515.0,0.221214
90.4,4520.0,0.214425
90.5,4525.0,0.207723
90.6,4530.0,0.201045
90.7,4535.0,0.194574
90.8,4540.0,0.188159
90.9,4545.0,0.181616
91.0,4550.0,0.175042
91.1,4555.0,0.168535
91.2,4560.0,0.16205
91.3,4565.0,0.155762
91.4,4570.0,0.149645
91.5,4575.0,0.143651
91.6,4580.0,0.137812
91.7,4585.0,0.132163
91.8,4590.0,0.126682
91.9,4595.0,0.121322
92.0,4600.0,0.116179
92.1,4605.0,0.111235
92.2,4610.0,0.106544
92.3,4615.0,0.102141
92.4,4620.0,0.0979792
92.5,4625.0,0.0939012
92.6,4630.0,0.0898342
92.7,4635.0,0.0858873
92.8,4640.0,0.0819254
92.9,4645.0,0.0780789
93.0,4650.0,0.0743713
93.1,4655.0,0.07067
93.2,4660.0,0.0672044
93.3,4665.0,0.0635641
93.4,4670.0,0.0600903
93.5,4675.0,0.056897
93.6,4680.0,0.0536349
93.7,4685.0,0.0502168
93.8,4690.0,0.0471922
93.9,4695.0,0.0442103
94.0,4700.0,0.0412143
94.1,4705.0,0.0382957
94.2,4710.0,0.0356515
94.3,4715.0,0.0331364
94.4,4720.0,0.0307252
94.5,4725.0,0.0284688
94.6,4730.0,0.0263524
94.7,4735.0,0.0243682
94.8,4740.0,0.0220691
94.9,4745.0,0.0200241
95.0,4750.0,0.0181206
95.1,4755.0,0.0161766
95.2,4760.0,0.0141697
95.3,4765.0,0.0124738
95.4,4770.0,0.0108933
95.5,4775.0,0.00916055
95.6,4780.0,0.00759284
95.7,4785.0,0.00624411
95.8,4790.0,0.0047272
95.9,4795.0,0.00369848
96.0,4800.0,0.00270291
96.1,4805.0,0.0022605
96.2,4810.0,0.001786
96.3,4815.0,0.00138276
96.4,4820.0,0.00119003
96.5,4825.0,0.000755386
96.6,4830.0,0.000529954
96.7,4835.0,0.00034374
96.8,4840.0,0.000132445
96.9,4845.0,7.11001e-05
97.0,4850.0,0.0
97.1,4855.0,0.0
97.2,4860.0,0.0
97.3,4865.0,0.0
97.4,4870.0,0.0
97.5,4875.0,0.0
97.6,4880.0,0.0
97.7,4885.0,0.0
97.8,4890.0,0.0
97.9,4895.0,0.0
98.0,4900.0,0.0
98.1,4905.0,0.0
98.2,4910.0,0.0
98.3,4915.0,0.0
98.4,4920.0,0.0
98.5,4925.0,0.0
98.6,4930.0,0.0
98.7,4935.0,0.0
98.8,4940.0,0.0
98.9,4945.0,0.0
99.0,4950.0,0.0
99.1,4955.0,0.0
99.2,4960.0,0.0
99.3,4965.0,0.0
99.4,4970.0,0.0
99.5,4975.0,0.0
99.6,4980.0,0.0
99.7,4985.0,0.0
99.8,4990.0,0.0
99.9,4995.0,0.0
100.0,5000.0,0.0
100.1,5005.0,0.0
100.2,5010.0,0.0
100.3,5015.0,0.0
100.4,5020.0,0.0
100.5,5025.0,0.0
100.6,5030.0,0.0
100.7,5035.0,0.0
100.8,5040.0,0.0
100.9,5045.0,0.0
101.0,5050.0,0.0
101.1,5055.0,0.0
101.2,5060.0,0.0
101.3,5065.0,0.0
101.4,5070.0,0.0
101.5,5075.0,0.0
101.6,5080.0,0.0
101.7,5085.0,0.0
101.8,5090.0,0.0
101.9,5095.0,0.0
102.0,5100.0,0.0
102.1,5105.0,0.0
102.2,5110.0,0.0
102.3,5115.0,0.0
102.4,5120.0,0.0
102.5,5125.0,0.0
102.6,5130.0,0.0
102.7,5135.0,0.0
102.8,5140.0,0.0
102.9,5145.0,0.0
103.0,5150.0,0.0
103.1,5155.0,0.0
103.2,5160.0,0.0
103.3,5165.0,0.0
103.4,5170.0,0.0
103.5,5175.0,0.0
103.6,5180.0,0.0
103.7,5185.0,0.0
103.8,5190.0,0.0
103.9,5195.0,0.0
104.0,5200.0,0.0
104.1,5205.0,0.0
104.2,5210.0,0.0
104.3,5215.0,0.0
104.4,5220.0,0.0
104.5,5225.0,0.0
104.6,5230.0,0.0
104.7,5235.0,0.0
104.8,5240.0,0.0
104.9,5245.0,0.0
105.0,5250.0,0.0
105.1,5255.0,0.0
105.2,5260.0,0.0
105.3,5265.0,0.0
105.4,5270.0,0.0
105.5,5275.0,0.0
105.6,5280.0,0.0
105.7,5285.0,0.0
105.8,5290.0,0.0
105.9,5295.0,0.0
106.0,5300.0,0.0
106.1,5305.0,0.0
106.2,5310.0,0.0
106.3,5315.0,0.0
106.4,5320.0,0.0
106.5,5325.0,0.0
106.6,5330.0,0.0
106.7,5335.0,0.0
106.8,5340.0,0.0
106.9,5345.0,0.0
107.0,5350.0,0.0
107.1,5355.0,0.0
107.2,5360.0,0.0
107.3,5365.0,0.0
107.4,5370.0,0.0
107.5,5375.0,0.0
107.6,5380.0,0.0
107.7,5385.0,0.0
107.8,5390.0,0.0
107.89999999999999,5395.0,0.0
107.99999999999999,5399.999999999999,0.0
108.09999999999998,5404.999999999999,0.0
108.19999999999997,5409.999999999999,0.0
108.29999999999997,5414.999999999998,0.0
108.39999999999996,5419.999999999998,0.0
108.49999999999996,5424.999999999998,0.0
108.59999999999995,5429.999999999997,0.0
108.69999999999995,5434.999999999997,0.0
108.79999999999994,5439.999999999997,0.0
108.89999999999993,5444.999999999996,0.0
108.99999999999993,5449.999999999996,0.0
109.09999999999992,5454.999999999996,0.0
109.19999999999992,5459.999999999995,0.0
109.29999999999991,5464.999999999995,0.0
109.3999999999999,5469.999999999995,0.0
109.4999999999999,5474.999999999995,0.0
109.5999999999999,5479.9999999999945,0.0
109.69999999999989,5484.9999999999945,0.0
109.79999999999988,5489.9999999999945,0.0
109.89999999999988,5494.999999999994,0.0
109.99999999999987,5499.999999999994,0.0
110.09999999999987,5504.999999999994,0.0
110.19999999999986,5509.999999999993,0.0
110.29999999999986,5514.999999999993,0.0
110.39999999999985,5519.999999999993,0.0
110.49999999999984,5524.999999999992,0.0
110.59999999999984,5529.999999999992,0.0
110.69999999999983,5534.999999999992,0.0
110.79999999999983,5539.999999999991,0.0
110.89999999999982,5544.999999999991,0.0
110.99999999999982,5549.999999999991,0.0
111.09999999999981,5554.999999999991,0.0
111.1999999999998,5559.99999999999,0.0
111.2999999999998,5564.99999999999,0.0
111.39999999999979,5569.99999999999,0.0
111.49999999999979,5574.999999999989,0.0
111.59999999999978,5579.999999999989,0.0
111.69999999999978,5584.999999999989,0.0
111.79999999999977,5589.999999999988,0.0
111.89999999999976,5594.999999999988,0.0
111.99999999999976,5599.999999999988,0.0
112.09999999999975,5604.999999999987,0.0
112.19999999999975,5609.999999999987,0.0
112.29999999999974,5614.999999999987,0.0
112.39999999999974,5619.999999999986,0.0
112.49999999999973,5624.999999999986,0.0
112.59999999999972,5629.999999999986,0.0
112.69999999999972,5634.999999999986,0.0
112.79999999999971,5639.999999999985,0.0
112.89999999999971,5644.999999999985,0.0
112.9999999999997,5649.999999999985,0.0
113.0999999999997,5654.9999999999845,0.0
113.19999999999969,5659.9999999999845,0.0
113.29999999999968,5664.9999999999845,0.0
113.39999999999968,5669.999999999984,0.0
113.49999999999967,5674.999999999984,0.0
113.59999999999967,5679.999999999984,0.0
113.69999999999966,5684.999999999983,0.0
113.79999999999966,5689.999999999983,0.0
113.89999999999965,5694.999999999983,0.0
113.99999999999964,5699.999999999982,0.0
114.09999999999964,5704.999999999982,0.0
114.19999999999963,5709.999999999982,0.0
114.29999999999963,5714.999999999982,0.0
114.39999999999962,5719.999999999981,0.0
114.49999999999962,5724.999999999981,0.0
114.59999999999961,5729.999999999981,0.0
114.6999999999996,5734.99999999998,0.0
114.7999999999996,5739.99999999998,0.0
114.8999999999996,5744.99999999998,0.0
114.99999999999959,5749.999999999979,0.0
115.09999999999958,5754.999999999979,0.0
115.19999999999958,5759.999999999979,0.0
115.29999999999957,5764.999999999978,0.0
115.39999999999957,5769.999999999978,0.0
115.49999999999956,5774.999999999978,0.0
115.59999999999955,5779.999999999977,0.0
115.69999999999955,5784.999999999977,0.0
115.79999999999954,5789.999999999977,0.0
115.89999999999954,5794.999999999977,0.0
115.99999999999953,5799.999999999976,0.0
116.09999999999953,5804.999999999976,0.0
116.19999999999952,5809.999999999976,0.0
116.29999999999951,5814.999999999975,0.0
116.39999999999951,5819.999999999975,0.0
