Relative_dose_[%],Dose_[cGy],Ratio_of_Total_Structure_Volume_[%]
0.0,0.0,100.0
0.1,5.0,100.0
0.2,10.0,100.0
0.3,15.0,100.0
0.4,20.0,100.0
0.5,25.0,100.0
0.6,30.0,100.0
0.7,35.0,100.0
0.8,40.0,100.0
0.9,45.0,100.0
1.0,50.0,100.0
1.1,55.0,100.0
1.2,60.0,100.0
1.3,65.0,100.0
1.4,70.0,100.0
1.5,75.0,100.0
1.6,80.0,100.0
1.7,85.0,100.0
1.8,90.0,100.0
1.9,95.0,100.0
2.0,100.0,100.0
2.1,105.0,100.0
2.2,110.0,100.0
2.3,115.0,100.0
2.4,120.0,100.0
2.5,125.0,100.0
2.6,130.0,100.0
2.7,135.0,100.0
2.8,140.0,100.0
2.9,145.0,100.0
3.0,150.0,100.0
3.1,155.0,100.0
3.2,160.0,100.0
3.3,165.0,100.0
3.4,170.0,100.0
3.5,175.0,100.0
3.6,180.0,100.0
3.7,185.0,100.0
3.8,190.0,100.0
3.9,195.0,99.9823
4.0,200.0,99.8934
4.1,205.0,99.7393
4.2,210.0,99.5364
4.3,215.0,99.2925
4.4,220.0,99.01
4.5,225.0,98.695
4.6,230.0,98.3498
4.7,235.0,97.9801
4.8,240.0,97.595
4.9,245.0,97.2002
5.0,250.0,96.7958
5.1,255.0,96.3863
5.2,260.0,95.9749
5.3,265.0,95.564
5.4,270.0,95.1527
5.5,275.0,94.744
5.6,280.0,94.3394
5.7,285.0,93.9362
5.8,290.0,93.5335
5.9,295.0,93.1368
6.0,300.0,92.7486
6.1,305.0,92.37
6.2,310.0,92.0015
6.3,315.0,91.6384
6.4,320.0,91.2836
6.5,325.0,90.9372
6.6,330.0,90.5927
6.7,335.0,90.2599
6.8,340.0,89.9279
6.9,345.0,89.6077
7.0,350.0,89.2864
7.1,355.0,88.9881
7.2,360.0,88.6764
7.3,365.0,88.3772
7.4,370.0,88.0854
7.5,375.0,87.7949
7.6,380.0,87.5024
7.7,385.0,87.2285
7.8,390.0,86.9466
7.9,395.0,86.6676
8.0,400.0,86.3989
8.1,405.0,86.1229
8.2,410.0,85.852
8.3,415.0,85.591
8.4,420.0,85.3225
8.5,425.0,85.0651
8.6,430.0,84.813
8.7,435.0,84.5518
8.8,440.0,84.301
8.9,445.0,84.0561
9.0,450.0,83.7956
9.1,455.0,83.5514
9.2,460.0,83.3044
9.3,465.0,83.0411
9.4,470.0,82.799
9.5,475.0,82.5522
9.6,480.0,82.2953
9.7,485.0,82.0367
9.8,490.0,81.7872
9.9,495.0,81.5141
10.0,500.0,81.2374
10.1,505.0,80.9411
10.2,510.0,80.6236
10.3,515.0,80.2814
10.4,520.0,79.9171
10.5,525.0,79.5318
10.6,530.0,79.1056
10.7,535.0,78.6349
10.8,540.0,78.1455
10.9,545.0,77.6487
11.0,550.0,77.1375
11.1,555.0,76.6241
11.2,560.0,76.0977
11.3,565.0,75.5563
11.4,570.0,75.014
11.5,575.0,74.4565
11.6,580.0,73.8909
11.7,585.0,73.3192
11.8,590.0,72.7368
11.9,595.0,72.1627
12.0,600.0,71.5961
12.1,605.0,71.0254
12.2,610.0,70.4608
12.3,615.0,69.9065
12.4,620.0,69.3591
12.5,625.0,68.8147
12.6,630.0,68.2724
12.7,635.0,67.7447
12.8,640.0,67.2236
12.9,645.0,66.7143
13.0,650.0,66.1995
13.1,655.0,65.6987
13.2,660.0,65.215
13.3,665.0,64.7329
13.4,670.0,64.2653
13.5,675.0,63.8014
13.6,680.0,63.3557
13.7,685.0,62.9072
13.8,690.0,62.4708
13.9,695.0,62.0475
14.0,700.0,61.6284
14.1,705.0,61.2106
14.2,710.0,60.8034
14.3,715.0,60.4059
14.4,720.0,60.0204
14.5,725.0,59.6407
14.6,730.0,59.2666
14.7,735.0,58.9118
14.8,740.0,58.561
14.9,745.0,58.2227
15.0,750.0,57.896
15.1,755.0,57.5749
15.2,760.0,57.2624
15.3,765.0,56.9648
15.4,770.0,56.6678
15.5,775.0,56.3864
15.6,780.0,56.1108
15.7,785.0,55.839
15.8,790.0,55.5773
15.9,795.0,55.318
16.0,800.0,55.0727
16.1,805.0,54.826
16.2,810.0,54.5858
16.3,815.0,54.3573
16.4,820.0,54.131
16.5,825.0,53.9085
16.6,830.0,53.6957
16.7,835.0,53.491
16.8,840.0,53.2892
16.9,845.0,53.0943
17.0,850.0,52.9018
17.1,855.0,52.7161
17.2,860.0,52.5389
17.3,865.0,52.3603
17.4,870.0,52.1863
17.5,875.0,52.0224
17.6,880.0,51.8633
17.7,885.0,51.7047
17.8,890.0,51.5504
17.9,895.0,51.4014
18.0,900.0,51.2534
18.1,905.0,51.109
18.2,910.0,50.971
18.3,915.0,50.8369
18.4,920.0,50.7065
18.5,925.0,50.576
18.6,930.0,50.4456
18.7,935.0,50.3198
18.8,940.0,50.1984
18.9,945.0,50.0791
19.0,950.0,49.9638
19.1,955.0,49.8503
19.2,960.0,49.7383
19.3,965.0,49.6293
19.4,970.0,49.5242
19.5,975.0,49.4209
19.6,980.0,49.3187
19.7,985.0,49.2206
19.8,990.0,49.1232
19.9,995.0,49.0291
20.0,1000.0,48.9359
20.1,1005.0,48.8464
20.2,1010.0,48.7583
20.3,1015.0,48.6718
20.4,1020.0,48.5876
20.5,1025.0,48.5062
20.6,1030.0,48.4259
20.7,1035.0,48.3469
20.8,1040.0,48.2684
20.9,1045.0,48.1913
21.0,1050.0,48.1161
21.1,1055.0,48.0432
21.2,1060.0,47.9717
21.3,1065.0,47.9014
21.4,1070.0,47.8322
21.5,1075.0,47.764
21.6,1080.0,47.6973
21.7,1085.0,47.632
21.8,1090.0,47.568
21.9,1095.0,47.5056
22.0,1100.0,47.4442
22.1,1105.0,47.3842
22.2,1110.0,47.3257
22.3,1115.0,47.2681
22.4,1120.0,47.2116
22.5,1125.0,47.1561
22.6,1130.0,47.1016
22.7,1135.0,47.0484
22.8,1140.0,46.9968
22.9,1145.0,46.9458
23.0,1150.0,46.8961
23.1,1155.0,46.8473
23.2,1160.0,46.7994
23.3,1165.0,46.7528
23.4,1170.0,46.7071
23.5,1175.0,46.6621
23.6,1180.0,46.6178
23.7,1185.0,46.5743
23.8,1190.0,46.5315
23.9,1195.0,46.4894
24.0,1200.0,46.4479
24.1,1205.0,46.4072
24.2,1210.0,46.3671
24.3,1215.0,46.3275
24.4,1220.0,46.2884
24.5,1225.0,46.2497
24.6,1230.0,46.2116
24.7,1235.0,46.1739
24.8,1240.0,46.1366
24.9,1245.0,46.0996
25.0,1250.0,46.0632
25.1,1255.0,46.0271
25.2,1260.0,45.9914
25.3,1265.0,45.9561
25.4,1270.0,45.921
25.5,1275.0,45.8863
25.6,1280.0,45.8517
25.7,1285.0,45.8173
25.8,1290.0,45.7833
25.9,1295.0,45.7497
26.0,1300.0,45.7163
26.1,1305.0,45.6831
26.2,1310.0,45.65
26.3,1315.0,45.6171
26.4,1320.0,45.5842
26.5,1325.0,45.5513
26.6,1330.0,45.5186
26.7,1335.0,45.486
26.8,1340.0,45.4536
26.9,1345.0,45.4212
27.0,1350.0,45.3888
27.1,1355.0,45.3565
27.2,1360.0,45.3243
27.3,1365.0,45.2921
27.4,1370.0,45.2599
27.5,1375.0,45.2278
27.6,1380.0,45.1956
27.7,1385.0,45.1635
27.8,1390.0,45.1314
27.9,1395.0,45.0995
28.0,1400.0,45.0677
28.1,1405.0,45.0358
28.2,1410.0,45.0039
28.3,1415.0,44.9721
28.4,1420.0,44.9403
28.5,1425.0,44.9085
28.6,1430.0,44.8768
28.7,1435.0,44.845
28.8,1440.0,44.8133
28.9,1445.0,44.7816
29.0,1450.0,44.75
29.1,1455.0,44.7183
29.2,1460.0,44.6866
29.3,1465.0,44.6549
29.4,1470.0,44.6233
29.5,1475.0,44.5917
29.6,1480.0,44.5601
29.7,1485.0,44.5284
29.8,1490.0,44.4967
29.9,1495.0,44.4651
30.0,1500.0,44.4334
30.1,1505.0,44.4017
30.2,1510.0,44.3698
30.3,1515.0,44.338
30.4,1520.0,44.3062
30.5,1525.0,44.2744
30.6,1530.0,44.2426
30.7,1535.0,44.2108
30.8,1540.0,44.179
30.9,1545.0,44.1472
31.0,1550.0,44.1155
31.1,1555.0,44.0836
31.2,1560.0,44.0518
31.3,1565.0,44.02
31.4,1570.0,43.9881
31.5,1575.0,43.9561
31.6,1580.0,43.924
31.7,1585.0,43.892
31.8,1590.0,43.86
31.9,1595.0,43.828
32.0,1600.0,43.796
32.1,1605.0,43.764
32.2,1610.0,43.7319
32.3,1615.0,43.6997
32.4,1620.0,43.6675
32.5,1625.0,43.6352
32.6,1630.0,43.6029
32.7,1635.0,43.5705
32.8,1640.0,43.538
32.9,1645.0,43.5055
33.0,1650.0,43.473
33.1,1655.0,43.4404
33.2,1660.0,43.4079
33.3,1665.0,43.3752
33.4,1670.0,43.3425
33.5,1675.0,43.3097
33.6,1680.0,43.2768
33.7,1685.0,43.2436
33.8,1690.0,43.2102
33.9,1695.0,43.1767
34.0,1700.0,43.1431
34.1,1705.0,43.1088
34.2,1710.0,43.0742
34.3,1715.0,43.0378
34.4,1720.0,43.0001
34.5,1725.0,42.9592
34.6,1730.0,42.9146
34.7,1735.0,42.8661
34.8,1740.0,42.8137
34.9,1745.0,42.7563
35.0,1750.0,42.6919
35.1,1755.0,42.6153
35.2,1760.0,42.5392
35.3,1765.0,42.4647
35.4,1770.0,42.3894
35.5,1775.0,42.3156
35.6,1780.0,42.2418
35.7,1785.0,42.1649
35.8,1790.0,42.0904
35.9,1795.0,42.0156
36.0,1800.0,41.9419
36.1,1805.0,41.8639
36.2,1810.0,41.791
36.3,1815.0,41.7183
36.4,1820.0,41.6423
36.5,1825.0,41.5664
36.6,1830.0,41.4911
36.7,1835.0,41.4173
36.8,1840.0,41.3439
36.9,1845.0,41.2699
37.0,1850.0,41.1934
37.1,1855.0,41.117
37.2,1860.0,41.0419
37.3,1865.0,40.9664
37.4,1870.0,40.8913
37.5,1875.0,40.8163
37.6,1880.0,40.7408
37.7,1885.0,40.6649
37.8,1890.0,40.5895
37.9,1895.0,40.514
38.0,1900.0,40.4394
38.1,1905.0,40.3655
38.2,1910.0,40.2911
38.3,1915.0,40.2167
38.4,1920.0,40.1411
38.5,1925.0,40.0676
38.6,1930.0,39.9944
38.7,1935.0,39.9219
38.8,1940.0,39.8493
38.9,1945.0,39.7747
39.0,1950.0,39.7004
39.1,1955.0,39.6273
39.2,1960.0,39.5544
39.3,1965.0,39.4819
39.4,1970.0,39.4088
39.5,1975.0,39.3353
39.6,1980.0,39.2618
39.7,1985.0,39.1883
39.8,1990.0,39.1157
39.9,1995.0,39.0427
40.0,2000.0,38.9689
40.1,2005.0,38.8949
40.2,2010.0,38.8216
40.3,2015.0,38.7482
40.4,2020.0,38.6747
40.5,2025.0,38.6015
40.6,2030.0,38.5281
40.7,2035.0,38.4533
40.8,2040.0,38.3788
40.9,2045.0,38.3051
41.0,2050.0,38.2313
41.1,2055.0,38.1574
41.2,2060.0,38.0834
41.3,2065.0,38.0086
41.4,2070.0,37.9335
41.5,2075.0,37.8585
41.6,2080.0,37.7833
41.7,2085.0,37.7077
41.8,2090.0,37.6319
41.9,2095.0,37.556
42.0,2100.0,37.4802
42.1,2105.0,37.4044
42.2,2110.0,37.3285
42.3,2115.0,37.2521
42.4,2120.0,37.1756
42.5,2125.0,37.0979
42.6,2130.0,37.0189
42.7,2135.0,36.9404
42.8,2140.0,36.8616
42.9,2145.0,36.7826
43.0,2150.0,36.7033
43.1,2155.0,36.624
43.2,2160.0,36.5446
43.3,2165.0,36.4651
43.4,2170.0,36.3848
43.5,2175.0,36.3031
43.6,2180.0,36.2201
43.7,2185.0,36.1384
43.8,2190.0,36.0573
43.9,2195.0,35.9749
44.0,2200.0,35.8925
44.1,2205.0,35.8105
44.2,2210.0,35.7285
44.3,2215.0,35.6456
44.4,2220.0,35.5612
44.5,2225.0,35.4757
44.6,2230.0,35.3882
44.7,2235.0,35.302
44.8,2240.0,35.2158
44.9,2245.0,35.1297
45.0,2250.0,35.0441
45.1,2255.0,34.9569
45.2,2260.0,34.871
45.3,2265.0,34.7848
45.4,2270.0,34.6978
45.5,2275.0,34.6096
45.6,2280.0,34.519
45.7,2285.0,34.43
45.8,2290.0,34.3398
45.9,2295.0,34.2496
46.0,2300.0,34.16
46.1,2305.0,34.0692
46.2,2310.0,33.976
46.3,2315.0,33.8851
46.4,2320.0,33.794
46.5,2325.0,33.7012
46.6,2330.0,33.6072
46.7,2335.0,33.5119
46.8,2340.0,33.4148
46.9,2345.0,33.318
47.0,2350.0,33.223
47.1,2355.0,33.1263
47.2,2360.0,33.0293
47.3,2365.0,32.9318
47.4,2370.0,32.8332
47.5,2375.0,32.7365
47.6,2380.0,32.6364
47.7,2385.0,32.5322
47.8,2390.0,32.4327
47.9,2395.0,32.3345
48.0,2400.0,32.2317
48.1,2405.0,32.1287
48.2,2410.0,32.0249
48.3,2415.0,31.9191
48.4,2420.0,31.8109
48.5,2425.0,31.7
48.6,2430.0,31.5891
48.7,2435.0,31.479
48.8,2440.0,31.3688
48.9,2445.0,31.2575
49.0,2450.0,31.1419
49.1,2455.0,31.0274
49.2,2460.0,30.9123
49.3,2465.0,30.7961
49.4,2470.0,30.6778
49.5,2475.0,30.5571
49.6,2480.0,30.4351
49.7,2485.0,30.3114
49.8,2490.0,30.1872
49.9,2495.0,30.0644
50.0,2500.0,29.9416
50.1,2505.0,29.816
50.2,2510.0,29.69
50.3,2515.0,29.5597
50.4,2520.0,29.4289
50.5,2525.0,29.2977
50.6,2530.0,29.1619
50.7,2535.0,29.0279
50.8,2540.0,28.8954
50.9,2545.0,28.7645
51.0,2550.0,28.6348
51.1,2555.0,28.5012
51.2,2560.0,28.3689
51.3,2565.0,28.2344
51.4,2570.0,28.1021
51.5,2575.0,27.9677
51.6,2580.0,27.8328
51.7,2585.0,27.6943
51.8,2590.0,27.5589
51.9,2595.0,27.4215
52.0,2600.0,27.2861
52.1,2605.0,27.147
52.2,2610.0,27.0072
52.3,2615.0,26.8685
52.4,2620.0,26.7304
52.5,2625.0,26.5909
52.6,2630.0,26.4515
52.7,2635.0,26.3023
52.8,2640.0,26.1571
52.9,2645.0,26.0141
53.0,2650.0,25.8687
53.1,2655.0,25.7233
53.2,2660.0,25.5737
53.3,2665.0,25.4248
53.4,2670.0,25.2792
53.5,2675.0,25.1298
53.6,2680.0,24.9784
53.7,2685.0,24.8309
53.8,2690.0,24.6804
53.9,2695.0,24.5341
54.0,2700.0,24.3848
54.1,2705.0,24.2343
54.2,2710.0,24.0862
54.3,2715.0,23.9298
54.4,2720.0,23.7826
54.5,2725.0,23.6289
54.6,2730.0,23.4713
54.7,2735.0,23.3193
54.8,2740.0,23.1642
54.9,2745.0,23.0095
55.0,2750.0,22.8561
55.1,2755.0,22.6954
55.2,2760.0,22.5437
55.3,2765.0,22.3888
55.4,2770.0,22.2346
55.5,2775.0,22.0776
55.6,2780.0,21.9204
55.7,2785.0,21.7626
55.8,2790.0,21.6011
55.9,2795.0,21.4399
56.0,2800.0,21.2726
56.1,2805.0,21.1104
56.2,2810.0,20.9498
56.3,2815.0,20.7893
56.4,2820.0,20.624
56.5,2825.0,20.4584
56.6,2830.0,20.2892
56.7,2835.0,20.1191
56.8,2840.0,19.9466
56.9,2845.0,19.7731
57.0,2850.0,19.5976
57.1,2855.0,19.4237
57.2,2860.0,19.2458
57.3,2865.0,19.0661
57.4,2870.0,18.8784
57.5,2875.0,18.6922
57.6,2880.0,18.5021
57.7,2885.0,18.3083
57.8,2890.0,18.1082
57.9,2895.0,17.9062
58.0,2900.0,17.7053
58.1,2905.0,17.5003
58.2,2910.0,17.2934
58.3,2915.0,17.0797
58.4,2920.0,16.8606
58.5,2925.0,16.6431
58.6,2930.0,16.4218
58.7,2935.0,16.1926
58.8,2940.0,15.9604
58.9,2945.0,15.7316
59.0,2950.0,15.4991
59.1,2955.0,15.2685
59.2,2960.0,15.0323
59.3,2965.0,14.7901
59.4,2970.0,14.5472
59.5,2975.0,14.3101
59.6,2980.0,14.0746
59.7,2985.0,13.8423
59.8,2990.0,13.6143
59.9,2995.0,13.3875
60.0,3000.0,13.1603
60.1,3005.0,12.9355
60.2,3010.0,12.7132
60.3,3015.0,12.4934
60.4,3020.0,12.2725
60.5,3025.0,12.0539
60.6,3030.0,11.8379
60.7,3035.0,11.6262
60.8,3040.0,11.4266
60.9,3045.0,11.2281
61.0,3050.0,11.0321
61.1,3055.0,10.8421
61.2,3060.0,10.6622
61.3,3065.0,10.4879
61.4,3070.0,10.3166
61.5,3075.0,10.1441
61.6,3080.0,9.9734
61.7,3085.0,9.80515
61.8,3090.0,9.6395
61.9,3095.0,9.48146
62.0,3100.0,9.32725
62.1,3105.0,9.17388
62.2,3110.0,9.02147
62.3,3115.0,8.87399
62.4,3120.0,8.72653
62.5,3125.0,8.57973
62.6,3130.0,8.43701
62.7,3135.0,8.29589
62.8,3140.0,8.15539
62.9,3145.0,8.01509
63.0,3150.0,7.87738
63.1,3155.0,7.74053
63.2,3160.0,7.60529
63.3,3165.0,7.46927
63.4,3170.0,7.33851
63.5,3175.0,7.20665
63.6,3180.0,7.07965
63.7,3185.0,6.95413
63.8,3190.0,6.83109
63.9,3195.0,6.70966
64.0,3200.0,6.59188
64.1,3205.0,6.47708
64.2,3210.0,6.36054
64.3,3215.0,6.24485
64.4,3220.0,6.13668
64.5,3225.0,6.03437
64.6,3230.0,5.93405
64.7,3235.0,5.83598
64.8,3240.0,5.74496
64.9,3245.0,5.65693
65.0,3250.0,5.5699
65.1,3255.0,5.48446
65.2,3260.0,5.40221
65.3,3265.0,5.32261
65.4,3270.0,5.24634
65.5,3275.0,5.16892
65.6,3280.0,5.09672
65.7,3285.0,5.02666
65.8,3290.0,4.95824
65.9,3295.0,4.89408
66.0,3300.0,4.83259
66.1,3305.0,4.77211
66.2,3310.0,4.71772
66.3,3315.0,4.6617
66.4,3320.0,4.60846
66.5,3325.0,4.55593
66.6,3330.0,4.50391
66.7,3335.0,4.4541
66.8,3340.0,4.40406
66.9,3345.0,4.35499
67.0,3350.0,4.30513
67.1,3355.0,4.25559
67.2,3360.0,4.2068
67.3,3365.0,4.15766
67.4,3370.0,4.11014
67.5,3375.0,4.06439
67.6,3380.0,4.01811
67.7,3385.0,3.97154
67.8,3390.0,3.92235
67.9,3395.0,3.87685
68.0,3400.0,3.82951
68.1,3405.0,3.78208
68.2,3410.0,3.73276
68.3,3415.0,3.68172
68.4,3420.0,3.63344
68.5,3425.0,3.58686
68.6,3430.0,3.54204
68.7,3435.0,3.49525
68.8,3440.0,3.45163
68.9,3445.0,3.40589
69.0,3450.0,3.35685
69.1,3455.0,3.30857
69.2,3460.0,3.25887
69.3,3465.0,3.20815
69.4,3470.0,3.15588
69.5,3475.0,3.10513
69.6,3480.0,3.05236
69.7,3485.0,2.99421
69.8,3490.0,2.93844
69.9,3495.0,2.88078
70.0,3500.0,2.82287
70.1,3505.0,2.76162
70.2,3510.0,2.6992
70.3,3515.0,2.63651
70.4,3520.0,2.5742
70.5,3525.0,2.51213
70.6,3530.0,2.45101
70.7,3535.0,2.38532
70.8,3540.0,2.32322
70.9,3545.0,2.25971
71.0,3550.0,2.2016
71.1,3555.0,2.14708
71.2,3560.0,2.09387
71.3,3565.0,2.04001
71.4,3570.0,1.98362
71.5,3575.0,1.92888
71.6,3580.0,1.87062
71.7,3585.0,1.81546
71.8,3590.0,1.75495
71.9,3595.0,1.697
72.0,3600.0,1.64038
72.1,3605.0,1.5876
72.2,3610.0,1.5351
72.3,3615.0,1.48306
72.4,3620.0,1.43616
72.5,3625.0,1.39181
72.6,3630.0,1.35084
72.7,3635.0,1.31189
72.8,3640.0,1.27567
72.9,3645.0,1.2441
73.0,3650.0,1.21285
73.1,3655.0,1.17947
73.2,3660.0,1.15017
73.3,3665.0,1.12278
73.4,3670.0,1.093
73.5,3675.0,1.066
73.6,3680.0,1.03969
73.7,3685.0,1.01348
73.8,3690.0,0.985018
73.9,3695.0,0.960062
74.0,3700.0,0.935574
74.1,3705.0,0.908704
74.2,3710.0,0.883987
74.3,3715.0,0.859942
74.4,3720.0,0.834496
74.5,3725.0,0.811623
74.6,3730.0,0.789853
74.7,3735.0,0.767695
74.8,3740.0,0.747157
74.9,3745.0,0.729094
75.0,3750.0,0.711724
75.1,3755.0,0.693404
75.2,3760.0,0.675983
75.3,3765.0,0.659146
75.4,3770.0,0.642562
75.5,3775.0,0.625577
75.6,3780.0,0.609504
75.7,3785.0,0.593998
75.8,3790.0,0.579026
75.9,3795.0,0.564568
76.0,3800.0,0.550568
76.1,3805.0,0.536891
76.2,3810.0,0.523903
76.3,3815.0,0.51184
76.4,3820.0,0.499628
76.5,3825.0,0.488166
76.6,3830.0,0.477921
76.7,3835.0,0.467733
76.8,3840.0,0.457795
76.9,3845.0,0.447348
77.0,3850.0,0.43773
77.1,3855.0,0.42899
77.2,3860.0,0.420816
77.3,3865.0,0.413169
77.4,3870.0,0.405776
77.5,3875.0,0.398525
77.6,3880.0,0.391322
77.7,3885.0,0.384315
77.8,3890.0,0.377567
77.9,3895.0,0.371084
78.0,3900.0,0.364679
78.1,3905.0,0.358308
78.2,3910.0,0.351987
78.3,3915.0,0.345674
78.4,3920.0,0.3393
78.5,3925.0,0.332901
78.6,3930.0,0.326552
78.7,3935.0,0.320138
78.8,3940.0,0.313957
78.9,3945.0,0.307739
79.0,3950.0,0.301432
79.1,3955.0,0.295076
79.2,3960.0,0.288748
79.3,3965.0,0.282485
79.4,3970.0,0.276304
79.5,3975.0,0.270331
79.6,3980.0,0.264562
79.7,3985.0,0.258758
79.8,3990.0,0.252983
79.9,3995.0,0.247233
80.0,4000.0,0.241589
80.1,4005.0,0.235827
80.2,4010.0,0.230043
80.3,4015.0,0.224454
80.4,4020.0,0.219314
80.5,4025.0,0.214244
80.6,4030.0,0.208681
80.7,4035.0,0.202824
80.8,4040.0,0.196998
80.9,4045.0,0.19163
81.0,4050.0,0.186375
81.1,4055.0,0.180928
81.2,4060.0,0.175475
81.3,4065.0,0.170886
81.4,4070.0,0.166331
81.5,4075.0,0.161719
81.6,4080.0,0.157368
81.7,4085.0,0.153115
81.8,4090.0,0.148989
81.9,4095.0,0.144934
82.0,4100.0,0.140959
82.1,4105.0,0.136795
82.2,4110.0,0.132554
82.3,4115.0,0.128356
82.4,4120.0,0.124352
82.5,4125.0,0.120407
82.6,4130.0,0.11642
82.7,4135.0,0.112458
82.8,4140.0,0.108945
82.9,4145.0,0.105569
83.0,4150.0,0.102282
83.1,4155.0,0.0990991
83.2,4160.0,0.0959925
83.3,4165.0,0.0929517
83.4,4170.0,0.0899096
83.5,4175.0,0.0864998
83.6,4180.0,0.0831071
83.7,4185.0,0.0797402
83.8,4190.0,0.076743
83.9,4195.0,0.0738188
84.0,4200.0,0.0708822
84.1,4205.0,0.0679652
84.2,4210.0,0.0650745
84.3,4215.0,0.0622643
84.4,4220.0,0.0595305
84.5,4225.0,0.0568479
84.6,4230.0,0.0542142
84.7,4235.0,0.0516186
84.8,4240.0,0.0488662
84.9,4245.0,0.0460468
85.0,4250.0,0.0432713
85.1,4255.0,0.0407778
85.2,4260.0,0.0385661
85.3,4265.0,0.0363975
85.4,4270.0,0.034355
85.5,4275.0,0.0317692
85.6,4280.0,0.0291773
85.7,4285.0,0.0273612
85.8,4290.0,0.0256126
85.9,4295.0,0.0239318
86.0,4300.0,0.022342
86.1,4305.0,0.0208764
86.2,4310.0,0.0195034
86.3,4315.0,0.0181939
86.4,4320.0,0.0169675
86.5,4325.0,0.015805
86.6,4330.0,0.0139741
86.7,4335.0,0.0128725
86.8,4340.0,0.0118365
86.9,4345.0,0.0109667
87.0,4350.0,0.0101433
87.1,4355.0,0.00935467
87.2,4360.0,0.00863612
87.3,4365.0,0.00796951
87.4,4370.0,0.00729508
87.5,4375.0,0.00665592
87.6,4380.0,0.00602858
87.7,4385.0,0.00540292
87.8,4390.0,0.0048398
87.9,4395.0,0.00429344
88.0,4400.0,0.00375474
88.1,4405.0,0.00327557
88.2,4410.0,0.00284573
88.3,4415.0,0.00243648
88.4,4420.0,0.00202298
88.5,4425.0,0.00164151
88.6,4430.0,0.00133184
88.7,4435.0,0.00104855
88.8,4440.0,0.000808365
88.9,4445.0,0.000596962
89.0,4450.0,0.00042928
89.1,4455.0,0.000284697
89.2,4460.0,0.000194131
89.3,4465.0,0.000119201
89.4,4470.0,8.30915e-05
89.5,4475.0,4.97899e-05
89.6,4480.0,2.02224e-05
89.7,4485.0,0.0
89.8,4490.0,0.0
89.9,4495.0,0.0
90.0,4500.0,0.0
90.1,4505.0,0.0
90.2,4510.0,0.0
90.3,4515.0,0.0
90.4,4520.0,0.0
90.5,4525.0,0.0
90.6,4530.0,0.0
90.7,4535.0,0.0
90.8,4540.0,0.0
90.9,4545.0,0.0
91.0,4550.0,0.0
91.1,4555.0,0.0
91.2,4560.0,0.0
91.3,4565.0,0.0
91.4,4570.0,0.0
91.5,4575.0,0.0
91.6,4580.0,0.0
91.7,4585.0,0.0
91.8,4590.0,0.0
91.9,4595.0,0.0
92.0,4600.0,0.0
92.1,4605.0,0.0
92.2,4610.0,0.0
92.3,4615.0,0.0
92.4,4620.0,0.0
92.5,4625.0,0.0
92.6,4630.0,0.0
92.7,4635.0,0.0
92.8,4640.0,0.0
92.9,4645.0,0.0
93.0,4650.0,0.0
93.1,4655.0,0.0
93.2,4660.0,0.0
93.3,4665.0,0.0
93.4,4670.0,0.0
93.5,4675.0,0.0
93.6,4680.0,0.0
93.7,4685.0,0.0
93.8,4690.0,0.0
93.9,4695.0,0.0
94.0,4700.0,0.0
94.1,4705.0,0.0
94.2,4710.0,0.0
94.3,4715.0,0.0
94.4,4720.0,0.0
94.5,4725.0,0.0
94.6,4730.0,0.0
94.7,4735.0,0.0
94.8,4740.0,0.0
94.9,4745.0,0.0
95.0,4750.0,0.0
95.1,4755.0,0.0
95.2,4760.0,0.0
95.3,4765.0,0.0
95.4,4770.0,0.0
95.5,4775.0,0.0
95.6,4780.0,0.0
95.7,4785.0,0.0
95.8,4790.0,0.0
95.9,4795.0,0.0
96.0,4800.0,0.0
96.1,4805.0,0.0
96.2,4810.0,0.0
96.3,4815.0,0.0
96.4,4820.0,0.0
96.5,4825.0,0.0
96.6,4830.0,0.0
96.7,4835.0,0.0
96.8,4840.0,0.0
96.9,4845.0,0.0
97.0,4850.0,0.0
97.1,4855.0,0.0
97.2,4860.0,0.0
97.3,4865.0,0.0
97.4,4870.0,0.0
97.5,4875.0,0.0
97.6,4880.0,0.0
97.7,4885.0,0.0
97.8,4890.0,0.0
97.9,4895.0,0.0
98.0,4900.0,0.0
98.1,4905.0,0.0
98.2,4910.0,0.0
98.3,4915.0,0.0
98.4,4920.0,0.0
98.5,4925.0,0.0
98.6,4930.0,0.0
98.7,4935.0,0.0
98.8,4940.0,0.0
98.9,4945.0,0.0
99.0,4950.0,0.0
99.1,4955.0,0.0
99.2,4960.0,0.0
99.3,4965.0,0.0
99.4,4970.0,0.0
99.5,4975.0,0.0
99.6,4980.0,0.0
99.7,4985.0,0.0
99.8,4990.0,0.0
99.9,4995.0,0.0
100.0,5000.0,0.0
100.1,5005.0,0.0
100.2,5010.0,0.0
100.3,5015.0,0.0
100.4,5020.0,0.0
100.5,5025.0,0.0
100.6,5030.0,0.0
100.7,5035.0,0.0
100.8,5040.0,0.0
100.9,5045.0,0.0
101.0,5050.0,0.0
101.1,5055.0,0.0
101.2,5060.0,0.0
101.3,5065.0,0.0
101.4,5070.0,0.0
101.5,5075.0,0.0
101.6,5080.0,0.0
101.7,5085.0,0.0
101.8,5090.0,0.0
101.9,5095.0,0.0
102.0,5100.0,0.0
102.1,5105.0,0.0
102.2,5110.0,0.0
102.3,5115.0,0.0
102.4,5120.0,0.0
102.5,5125.0,0.0
102.6,5130.0,0.0
102.7,5135.0,0.0
102.8,5140.0,0.0
102.9,5145.0,0.0
103.0,5150.0,0.0
103.1,5155.0,0.0
103.2,5160.0,0.0
103.3,5165.0,0.0
103.4,5170.0,0.0
103.5,5175.0,0.0
103.6,5180.0,0.0
103.7,5185.0,0.0
103.8,5190.0,0.0
103.9,5195.0,0.0
104.0,5200.0,0.0
104.1,5205.0,0.0
104.2,5210.0,0.0
104.3,5215.0,0.0
104.4,5220.0,0.0
104.5,5225.0,0.0
104.6,5230.0,0.0
104.7,5235.0,0.0
104.8,5240.0,0.0
104.9,5245.0,0.0
105.0,5250.0,0.0
105.1,5255.0,0.0
105.2,5260.0,0.0
105.3,5265.0,0.0
105.4,5270.0,0.0
105.5,5275.0,0.0
105.6,5280.0,0.0
105.69999999999999,5284.999999999999,0.0
105.79999999999998,5289.999999999999,0.0
105.89999999999998,5294.999999999999,0.0
105.99999999999997,5299.999999999998,0.0
106.09999999999997,5304.999999999998,0.0
106.19999999999996,5309.999999999998,0.0
106.29999999999995,5314.999999999998,0.0
106.39999999999995,5319.999999999997,0.0
106.49999999999994,5324.999999999997,0.0
106.59999999999994,5329.999999999997,0.0
106.69999999999993,5334.999999999996,0.0
106.79999999999993,5339.999999999996,0.0
106.89999999999992,5344.999999999996,0.0
106.99999999999991,5349.999999999995,0.0
107.09999999999991,5354.999999999995,0.0
107.1999999999999,5359.999999999995,0.0
107.2999999999999,5364.9999999999945,0.0
107.39999999999989,5369.9999999999945,0.0
107.49999999999989,5374.9999999999945,0.0
107.59999999999988,5379.999999999994,0.0
107.69999999999987,5384.999999999994,0.0
107.79999999999987,5389.999999999994,0.0
107.89999999999986,5394.999999999993,0.0
107.99999999999986,5399.999999999993,0.0
108.09999999999985,5404.999999999993,0.0
108.19999999999985,5409.999999999993,0.0
108.29999999999984,5414.999999999992,0.0
