Relative_dose_[%],Dose_[cGy],Ratio_of_Total_Structure_Volume_[%]
0.0,0.0,100.0
0.1,5.0,100.0
0.2,10.0,100.0
0.3,15.0,100.0
0.4,20.0,100.0
0.5,25.0,100.0
0.6,30.0,100.0
0.7,35.0,100.0
0.8,40.0,100.0
0.9,45.0,100.0
1.0,50.0,100.0
1.1,55.0,100.0
1.2,60.0,100.0
1.3,65.0,100.0
1.4,70.0,100.0
1.5,75.0,100.0
1.6,80.0,100.0
1.7,85.0,100.0
1.8,90.0,100.0
1.9,95.0,100.0
2.0,100.0,100.0
2.1,105.0,100.0
2.2,110.0,100.0
2.3,115.0,100.0
2.4,120.0,100.0
2.5,125.0,100.0
2.6,130.0,100.0
2.7,135.0,100.0
2.8,140.0,100.0
2.9,145.0,100.0
3.0,150.0,100.0
3.1,155.0,100.0
3.2,160.0,100.0
3.3,165.0,100.0
3.4,170.0,100.0
3.5,175.0,100.0
3.6,180.0,99.9886
3.7,185.0,99.9255
3.8,190.0,99.8006
3.9,195.0,99.6053
4.0,200.0,99.3437
4.1,205.0,99.0251
4.2,210.0,98.6572
4.3,215.0,98.2395
4.4,220.0,97.7746
4.5,225.0,97.2726
4.6,230.0,96.7378
4.7,235.0,96.186
4.8,240.0,95.6127
4.9,245.0,95.0273
5.0,250.0,94.431
5.1,255.0,93.83
5.2,260.0,93.2275
5.3,265.0,92.6367
5.4,270.0,92.061
5.5,275.0,91.501
5.6,280.0,90.9639
5.7,285.0,90.4477
5.8,290.0,89.946
5.9,295.0,89.4614
6.0,300.0,88.9917
6.1,305.0,88.5349
6.2,310.0,88.0917
6.3,315.0,87.6557
6.4,320.0,87.2273
6.5,325.0,86.8075
6.6,330.0,86.3914
6.7,335.0,85.9838
6.8,340.0,85.5802
6.9,345.0,85.1757
7.0,350.0,84.7712
7.1,355.0,84.3692
7.2,360.0,83.9646
7.3,365.0,83.5579
7.4,370.0,83.1514
7.5,375.0,82.743
7.6,380.0,82.3284
7.7,385.0,81.9128
7.8,390.0,81.4978
7.9,395.0,81.0809
8.0,400.0,80.6598
8.1,405.0,80.2361
8.2,410.0,79.8144
8.3,415.0,79.3888
8.4,420.0,78.9629
8.5,425.0,78.529
8.6,430.0,78.0898
8.7,435.0,77.6496
8.8,440.0,77.1986
8.9,445.0,76.7359
9.0,450.0,76.2657
9.1,455.0,75.789
9.2,460.0,75.2938
9.3,465.0,74.7945
9.4,470.0,74.2597
9.5,475.0,73.7139
9.6,480.0,73.1676
9.7,485.0,72.6036
9.8,490.0,72.0401
9.9,495.0,71.4507
10.0,500.0,70.8707
10.1,505.0,70.29
10.2,510.0,69.7049
10.3,515.0,69.108
10.4,520.0,68.4954
10.5,525.0,67.8981
10.6,530.0,67.3015
10.7,535.0,66.7015
10.8,540.0,66.1033
10.9,545.0,65.4982
11.0,550.0,64.8863
11.1,555.0,64.2686
11.2,560.0,63.6565
11.3,565.0,63.0323
11.4,570.0,62.4321
11.5,575.0,61.8434
11.6,580.0,61.2528
11.7,585.0,60.6721
11.8,590.0,60.1
11.9,595.0,59.5354
12.0,600.0,58.9846
12.1,605.0,58.4305
12.2,610.0,57.8618
12.3,615.0,57.3056
12.4,620.0,56.7617
12.5,625.0,56.2183
12.6,630.0,55.691
12.7,635.0,55.1605
12.8,640.0,54.6263
12.9,645.0,54.0913
13.0,650.0,53.5775
13.1,655.0,53.074
13.2,660.0,52.5822
13.3,665.0,52.087
13.4,670.0,51.6109
13.5,675.0,51.1329
13.6,680.0,50.6642
13.7,685.0,50.2078
13.8,690.0,49.7508
13.9,695.0,49.3151
14.0,700.0,48.872
14.1,705.0,48.4419
14.2,710.0,48.0234
14.3,715.0,47.6075
14.4,720.0,47.2093
14.5,725.0,46.8056
14.6,730.0,46.436
14.7,735.0,46.0764
14.8,740.0,45.7226
14.9,745.0,45.3783
15.0,750.0,45.0403
15.1,755.0,44.7097
15.2,760.0,44.3895
15.3,765.0,44.0806
15.4,770.0,43.777
15.5,775.0,43.4875
15.6,780.0,43.2059
15.7,785.0,42.9326
15.8,790.0,42.6627
15.9,795.0,42.3991
16.0,800.0,42.1392
16.1,805.0,41.887
16.2,810.0,41.6485
16.3,815.0,41.4187
16.4,820.0,41.1976
16.5,825.0,40.9801
16.6,830.0,40.7661
16.7,835.0,40.5523
16.8,840.0,40.3456
16.9,845.0,40.1454
17.0,850.0,39.9481
17.1,855.0,39.7457
17.2,860.0,39.5517
17.3,865.0,39.3549
17.4,870.0,39.1632
17.5,875.0,38.9768
17.6,880.0,38.7828
17.7,885.0,38.6
17.8,890.0,38.4181
17.9,895.0,38.2325
18.0,900.0,38.0594
18.1,905.0,37.8896
18.2,910.0,37.7167
18.3,915.0,37.549
18.4,920.0,37.3824
18.5,925.0,37.2212
18.6,930.0,37.057
18.7,935.0,36.8975
18.8,940.0,36.735
18.9,945.0,36.5718
19.0,950.0,36.4159
19.1,955.0,36.2547
19.2,960.0,36.0938
19.3,965.0,35.9362
19.4,970.0,35.7846
19.5,975.0,35.6289
19.6,980.0,35.4774
19.7,985.0,35.3377
19.8,990.0,35.1886
19.9,995.0,35.0467
20.0,1000.0,34.9037
20.1,1005.0,34.76
20.2,1010.0,34.6161
20.3,1015.0,34.4759
20.4,1020.0,34.3333
20.5,1025.0,34.1928
20.6,1030.0,34.0484
20.7,1035.0,33.9067
20.8,1040.0,33.7681
20.9,1045.0,33.633
21.0,1050.0,33.496
21.1,1055.0,33.3541
21.2,1060.0,33.2209
21.3,1065.0,33.0853
21.4,1070.0,32.9549
21.5,1075.0,32.8301
21.6,1080.0,32.7036
21.7,1085.0,32.5712
21.8,1090.0,32.4406
21.9,1095.0,32.3136
22.0,1100.0,32.1914
22.1,1105.0,32.0625
22.2,1110.0,31.9308
22.3,1115.0,31.8025
22.4,1120.0,31.676
22.5,1125.0,31.5549
22.6,1130.0,31.431
22.7,1135.0,31.307
22.8,1140.0,31.1882
22.9,1145.0,31.0713
23.0,1150.0,30.9508
23.1,1155.0,30.8293
23.2,1160.0,30.7069
23.3,1165.0,30.5869
23.4,1170.0,30.4672
23.5,1175.0,30.349
23.6,1180.0,30.2281
23.7,1185.0,30.1087
23.8,1190.0,29.9887
23.9,1195.0,29.8677
24.0,1200.0,29.7461
24.1,1205.0,29.6251
24.2,1210.0,29.5077
24.3,1215.0,29.3922
24.4,1220.0,29.2809
24.5,1225.0,29.1688
24.6,1230.0,29.0558
24.7,1235.0,28.9448
24.8,1240.0,28.8344
24.9,1245.0,28.7266
25.0,1250.0,28.62
25.1,1255.0,28.5151
25.2,1260.0,28.414
25.3,1265.0,28.3148
25.4,1270.0,28.217
25.5,1275.0,28.1152
25.6,1280.0,28.0181
25.7,1285.0,27.9228
25.8,1290.0,27.8287
25.9,1295.0,27.7339
26.0,1300.0,27.6385
26.1,1305.0,27.5404
26.2,1310.0,27.445
26.3,1315.0,27.3537
26.4,1320.0,27.2623
26.5,1325.0,27.1729
26.6,1330.0,27.0805
26.7,1335.0,26.986
26.8,1340.0,26.8837
26.9,1345.0,26.7883
27.0,1350.0,26.6958
27.1,1355.0,26.6019
27.2,1360.0,26.5101
27.3,1365.0,26.4185
27.4,1370.0,26.3236
27.5,1375.0,26.2254
27.6,1380.0,26.1272
27.7,1385.0,26.0298
27.8,1390.0,25.9337
27.9,1395.0,25.8404
28.0,1400.0,25.7466
28.1,1405.0,25.6522
28.2,1410.0,25.5564
28.3,1415.0,25.4569
28.4,1420.0,25.3581
28.5,1425.0,25.2618
28.6,1430.0,25.1649
28.7,1435.0,25.0689
28.8,1440.0,24.9734
28.9,1445.0,24.8771
29.0,1450.0,24.78
29.1,1455.0,24.6819
29.2,1460.0,24.5804
29.3,1465.0,24.4827
29.4,1470.0,24.3841
29.5,1475.0,24.2852
29.6,1480.0,24.1866
29.7,1485.0,24.0884
29.8,1490.0,23.9891
29.9,1495.0,23.8899
30.0,1500.0,23.7905
30.1,1505.0,23.69
30.2,1510.0,23.591
30.3,1515.0,23.4922
30.4,1520.0,23.3928
30.5,1525.0,23.2955
30.6,1530.0,23.1966
30.7,1535.0,23.0979
30.8,1540.0,23.0012
30.9,1545.0,22.9042
31.0,1550.0,22.8101
31.1,1555.0,22.7174
31.2,1560.0,22.6237
31.3,1565.0,22.5324
31.4,1570.0,22.4414
31.5,1575.0,22.351
31.6,1580.0,22.2627
31.7,1585.0,22.1751
31.8,1590.0,22.0868
31.9,1595.0,22.0006
32.0,1600.0,21.9147
32.1,1605.0,21.83
32.2,1610.0,21.746
32.3,1615.0,21.6633
32.4,1620.0,21.5803
32.5,1625.0,21.5008
32.6,1630.0,21.4207
32.7,1635.0,21.3411
32.8,1640.0,21.2631
32.9,1645.0,21.185
33.0,1650.0,21.1087
33.1,1655.0,21.0343
33.2,1660.0,20.9602
33.3,1665.0,20.887
33.4,1670.0,20.8144
33.5,1675.0,20.743
33.6,1680.0,20.6736
33.7,1685.0,20.604
33.8,1690.0,20.5351
33.9,1695.0,20.4666
34.0,1700.0,20.3989
34.1,1705.0,20.3322
34.2,1710.0,20.2661
34.3,1715.0,20.2003
34.4,1720.0,20.1352
34.5,1725.0,20.0702
34.6,1730.0,20.006
34.7,1735.0,19.942
34.8,1740.0,19.8794
34.9,1745.0,19.8178
35.0,1750.0,19.756
35.1,1755.0,19.6949
35.2,1760.0,19.6338
35.3,1765.0,19.5738
35.4,1770.0,19.5139
35.5,1775.0,19.454
35.6,1780.0,19.394
35.7,1785.0,19.3346
35.8,1790.0,19.275
35.9,1795.0,19.2156
36.0,1800.0,19.1566
36.1,1805.0,19.0983
36.2,1810.0,19.04
36.3,1815.0,18.9827
36.4,1820.0,18.9261
36.5,1825.0,18.8692
36.6,1830.0,18.813
36.7,1835.0,18.7572
36.8,1840.0,18.7016
36.9,1845.0,18.6464
37.0,1850.0,18.5916
37.1,1855.0,18.5373
37.2,1860.0,18.4829
37.3,1865.0,18.4292
37.4,1870.0,18.3751
37.5,1875.0,18.3213
37.6,1880.0,18.2679
37.7,1885.0,18.2148
37.8,1890.0,18.162
37.9,1895.0,18.1095
38.0,1900.0,18.0577
38.1,1905.0,18.0058
38.2,1910.0,17.9541
38.3,1915.0,17.9028
38.4,1920.0,17.8516
38.5,1925.0,17.8009
38.6,1930.0,17.75
38.7,1935.0,17.6994
38.8,1940.0,17.6489
38.9,1945.0,17.5988
39.0,1950.0,17.5491
39.1,1955.0,17.4997
39.2,1960.0,17.4506
39.3,1965.0,17.4017
39.4,1970.0,17.3531
39.5,1975.0,17.3048
39.6,1980.0,17.2567
39.7,1985.0,17.209
39.8,1990.0,17.1614
39.9,1995.0,17.114
40.0,2000.0,17.0666
40.1,2005.0,17.0195
40.2,2010.0,16.9725
40.3,2015.0,16.9256
40.4,2020.0,16.879
40.5,2025.0,16.8326
40.6,2030.0,16.7862
40.7,2035.0,16.7399
40.8,2040.0,16.6937
40.9,2045.0,16.6476
41.0,2050.0,16.6016
41.1,2055.0,16.5558
41.2,2060.0,16.5101
41.3,2065.0,16.4647
41.4,2070.0,16.4195
41.5,2075.0,16.3745
41.6,2080.0,16.3296
41.7,2085.0,16.2846
41.8,2090.0,16.2398
41.9,2095.0,16.195
42.0,2100.0,16.1503
42.1,2105.0,16.1058
42.2,2110.0,16.0614
42.3,2115.0,16.0172
42.4,2120.0,15.973
42.5,2125.0,15.9291
42.6,2130.0,15.8852
42.7,2135.0,15.8413
42.8,2140.0,15.7977
42.9,2145.0,15.7543
43.0,2150.0,15.7109
43.1,2155.0,15.6677
43.2,2160.0,15.6245
43.3,2165.0,15.5814
43.4,2170.0,15.5384
43.5,2175.0,15.4954
43.6,2180.0,15.4523
43.7,2185.0,15.4093
43.8,2190.0,15.3663
43.9,2195.0,15.3234
44.0,2200.0,15.2807
44.1,2205.0,15.238
44.2,2210.0,15.1953
44.3,2215.0,15.1525
44.4,2220.0,15.1097
44.5,2225.0,15.0669
44.6,2230.0,15.0243
44.7,2235.0,14.9812
44.8,2240.0,14.938
44.9,2245.0,14.895
45.0,2250.0,14.8519
45.1,2255.0,14.8083
45.2,2260.0,14.7647
45.3,2265.0,14.7212
45.4,2270.0,14.6778
45.5,2275.0,14.6337
45.6,2280.0,14.5898
45.7,2285.0,14.5463
45.8,2290.0,14.5026
45.9,2295.0,14.4557
46.0,2300.0,14.4113
46.1,2305.0,14.3673
46.2,2310.0,14.3215
46.3,2315.0,14.2761
46.4,2320.0,14.2323
46.5,2325.0,14.1859
46.6,2330.0,14.1401
46.7,2335.0,14.094
46.8,2340.0,14.0489
46.9,2345.0,14.0046
47.0,2350.0,13.9602
47.1,2355.0,13.9153
47.2,2360.0,13.8704
47.3,2365.0,13.8234
47.4,2370.0,13.7771
47.5,2375.0,13.7324
47.6,2380.0,13.6872
47.7,2385.0,13.6429
47.8,2390.0,13.6
47.9,2395.0,13.5576
48.0,2400.0,13.5159
48.1,2405.0,13.4743
48.2,2410.0,13.4302
48.3,2415.0,13.3883
48.4,2420.0,13.3473
48.5,2425.0,13.3077
48.6,2430.0,13.2689
48.7,2435.0,13.2312
48.8,2440.0,13.1936
48.9,2445.0,13.1564
49.0,2450.0,13.1203
49.1,2455.0,13.0853
49.2,2460.0,13.0508
49.3,2465.0,13.0164
49.4,2470.0,12.9818
49.5,2475.0,12.9472
49.6,2480.0,12.9126
49.7,2485.0,12.8773
49.8,2490.0,12.8432
49.9,2495.0,12.8098
50.0,2500.0,12.7763
50.1,2505.0,12.7429
50.2,2510.0,12.7103
50.3,2515.0,12.6781
50.4,2520.0,12.6461
50.5,2525.0,12.6138
50.6,2530.0,12.5816
50.7,2535.0,12.5495
50.8,2540.0,12.5177
50.9,2545.0,12.4863
51.0,2550.0,12.4547
51.1,2555.0,12.4228
51.2,2560.0,12.3909
51.3,2565.0,12.36
51.4,2570.0,12.3297
51.5,2575.0,12.2995
51.6,2580.0,12.2698
51.7,2585.0,12.2375
51.8,2590.0,12.2079
51.9,2595.0,12.1784
52.0,2600.0,12.1491
52.1,2605.0,12.1195
52.2,2610.0,12.09
52.3,2615.0,12.0604
52.4,2620.0,12.031
52.5,2625.0,12.0018
52.6,2630.0,11.9727
52.7,2635.0,11.9436
52.8,2640.0,11.9152
52.9,2645.0,11.8857
53.0,2650.0,11.8579
53.1,2655.0,11.8299
53.2,2660.0,11.8019
53.3,2665.0,11.7737
53.4,2670.0,11.7453
53.5,2675.0,11.7168
53.6,2680.0,11.6887
53.7,2685.0,11.6607
53.8,2690.0,11.633
53.9,2695.0,11.6057
54.0,2700.0,11.5777
54.1,2705.0,11.5506
54.2,2710.0,11.5236
54.3,2715.0,11.4952
54.4,2720.0,11.4678
54.5,2725.0,11.4406
54.6,2730.0,11.4135
54.7,2735.0,11.3864
54.8,2740.0,11.3593
54.9,2745.0,11.3322
55.0,2750.0,11.3053
55.1,2755.0,11.2787
55.2,2760.0,11.2491
55.3,2765.0,11.2222
55.4,2770.0,11.1957
55.5,2775.0,11.1691
55.6,2780.0,11.1427
55.7,2785.0,11.1161
55.8,2790.0,11.0895
55.9,2795.0,11.0629
56.0,2800.0,11.0358
56.1,2805.0,11.0089
56.2,2810.0,10.9823
56.3,2815.0,10.9561
56.4,2820.0,10.9296
56.5,2825.0,10.903
56.6,2830.0,10.8763
56.7,2835.0,10.8491
56.8,2840.0,10.8224
56.9,2845.0,10.7961
57.0,2850.0,10.77
57.1,2855.0,10.744
57.2,2860.0,10.7179
57.3,2865.0,10.6918
57.4,2870.0,10.6657
57.5,2875.0,10.6395
57.6,2880.0,10.6117
57.7,2885.0,10.5854
57.8,2890.0,10.5592
57.9,2895.0,10.533
58.0,2900.0,10.5068
58.1,2905.0,10.4806
58.2,2910.0,10.4544
58.3,2915.0,10.4284
58.4,2920.0,10.4024
58.5,2925.0,10.3765
58.6,2930.0,10.3507
58.7,2935.0,10.3251
58.8,2940.0,10.2994
58.9,2945.0,10.2734
59.0,2950.0,10.2476
59.1,2955.0,10.2218
59.2,2960.0,10.196
59.3,2965.0,10.1704
59.4,2970.0,10.1449
59.5,2975.0,10.1194
59.6,2980.0,10.0939
59.7,2985.0,10.0685
59.8,2990.0,10.0431
59.9,2995.0,10.0178
60.0,3000.0,9.99256
60.1,3005.0,9.96735
60.2,3010.0,9.94216
60.3,3015.0,9.9171
60.4,3020.0,9.892
60.5,3025.0,9.86692
60.6,3030.0,9.8419
60.7,3035.0,9.81694
60.8,3040.0,9.7921
60.9,3045.0,9.76728
61.0,3050.0,9.74251
61.1,3055.0,9.71777
61.2,3060.0,9.69301
61.3,3065.0,9.66827
61.4,3070.0,9.64357
61.5,3075.0,9.61889
61.6,3080.0,9.59435
61.7,3085.0,9.56985
61.8,3090.0,9.54549
61.9,3095.0,9.52122
62.0,3100.0,9.49701
62.1,3105.0,9.47275
62.2,3110.0,9.44836
62.3,3115.0,9.42403
62.4,3120.0,9.39979
62.5,3125.0,9.37563
62.6,3130.0,9.35154
62.7,3135.0,9.32753
62.8,3140.0,9.30361
62.9,3145.0,9.27978
63.0,3150.0,9.25601
63.1,3155.0,9.23229
63.2,3160.0,9.20866
63.3,3165.0,9.18509
63.4,3170.0,9.1616
63.5,3175.0,9.1382
63.6,3180.0,9.11481
63.7,3185.0,9.09146
63.8,3190.0,9.06819
63.9,3195.0,9.04498
64.0,3200.0,9.02185
64.1,3205.0,8.99882
64.2,3210.0,8.97578
64.3,3215.0,8.95278
64.4,3220.0,8.92982
64.5,3225.0,8.90687
64.6,3230.0,8.88392
64.7,3235.0,8.86096
64.8,3240.0,8.83807
64.9,3245.0,8.81524
65.0,3250.0,8.79241
65.1,3255.0,8.76963
65.2,3260.0,8.74686
65.3,3265.0,8.72417
65.4,3270.0,8.70155
65.5,3275.0,8.67886
65.6,3280.0,8.65614
65.7,3285.0,8.63349
65.8,3290.0,8.61081
65.9,3295.0,8.58808
66.0,3300.0,8.56543
66.1,3305.0,8.54281
66.2,3310.0,8.52022
66.3,3315.0,8.49767
66.4,3320.0,8.47517
66.5,3325.0,8.45276
66.6,3330.0,8.43044
66.7,3335.0,8.40819
66.8,3340.0,8.38604
66.9,3345.0,8.36393
67.0,3350.0,8.34184
67.1,3355.0,8.31974
67.2,3360.0,8.29766
67.3,3365.0,8.2756
67.4,3370.0,8.25361
67.5,3375.0,8.23167
67.6,3380.0,8.20977
67.7,3385.0,8.18787
67.8,3390.0,8.16596
67.9,3395.0,8.14403
68.0,3400.0,8.12205
68.1,3405.0,8.10001
68.2,3410.0,8.07803
68.3,3415.0,8.05609
68.4,3420.0,8.03423
68.5,3425.0,8.01243
68.6,3430.0,7.99064
68.7,3435.0,7.96884
68.8,3440.0,7.94707
68.9,3445.0,7.92535
69.0,3450.0,7.90361
69.1,3455.0,7.88182
69.2,3460.0,7.86005
69.3,3465.0,7.83826
69.4,3470.0,7.8165
69.5,3475.0,7.79478
69.6,3480.0,7.77309
69.7,3485.0,7.75145
69.8,3490.0,7.72982
69.9,3495.0,7.70819
70.0,3500.0,7.68645
70.1,3505.0,7.6647
70.2,3510.0,7.64289
70.3,3515.0,7.62104
70.4,3520.0,7.5991
70.5,3525.0,7.5771
70.6,3530.0,7.55509
70.7,3535.0,7.53316
70.8,3540.0,7.51114
70.9,3545.0,7.48909
71.0,3550.0,7.46704
71.1,3555.0,7.4449
71.2,3560.0,7.4227
71.3,3565.0,7.40041
71.4,3570.0,7.37801
71.5,3575.0,7.35553
71.6,3580.0,7.33297
71.7,3585.0,7.31043
71.8,3590.0,7.28786
71.9,3595.0,7.26532
72.0,3600.0,7.24278
72.1,3605.0,7.22021
72.2,3610.0,7.19764
72.3,3615.0,7.17497
72.4,3620.0,7.15233
72.5,3625.0,7.12964
72.6,3630.0,7.10694
72.7,3635.0,7.08425
72.8,3640.0,7.06157
72.9,3645.0,7.03904
73.0,3650.0,7.0166
73.1,3655.0,6.9942
73.2,3660.0,6.97175
73.3,3665.0,6.94924
73.4,3670.0,6.92675
73.5,3675.0,6.90422
73.6,3680.0,6.88173
73.7,3685.0,6.85915
73.8,3690.0,6.83655
73.9,3695.0,6.81401
74.0,3700.0,6.79155
74.1,3705.0,6.76916
74.2,3710.0,6.74684
74.3,3715.0,6.7245
74.4,3720.0,6.70216
74.5,3725.0,6.67983
74.6,3730.0,6.65755
74.7,3735.0,6.63533
74.8,3740.0,6.61318
74.9,3745.0,6.59104
75.0,3750.0,6.5689
75.1,3755.0,6.54667
75.2,3760.0,6.52447
75.3,3765.0,6.50246
75.4,3770.0,6.48049
75.5,3775.0,6.45849
75.6,3780.0,6.43646
75.7,3785.0,6.41439
75.8,3790.0,6.3923
75.9,3795.0,6.37023
76.0,3800.0,6.34827
76.1,3805.0,6.32638
76.2,3810.0,6.30451
76.3,3815.0,6.28259
76.4,3820.0,6.26068
76.5,3825.0,6.23869
76.6,3830.0,6.21675
76.7,3835.0,6.19483
76.8,3840.0,6.17293
76.9,3845.0,6.151
77.0,3850.0,6.12916
77.1,3855.0,6.10733
77.2,3860.0,6.08536
77.3,3865.0,6.06328
77.4,3870.0,6.04119
77.5,3875.0,6.01916
77.6,3880.0,5.99723
77.7,3885.0,5.97534
77.8,3890.0,5.95347
77.9,3895.0,5.9316
78.0,3900.0,5.90969
78.1,3905.0,5.88767
78.2,3910.0,5.86571
78.3,3915.0,5.84372
78.4,3920.0,5.82177
78.5,3925.0,5.79986
78.6,3930.0,5.77792
78.7,3935.0,5.75597
78.8,3940.0,5.7341
78.9,3945.0,5.71221
79.0,3950.0,5.69036
79.1,3955.0,5.66851
79.2,3960.0,5.64663
79.3,3965.0,5.62469
79.4,3970.0,5.60281
79.5,3975.0,5.58093
79.6,3980.0,5.55905
79.7,3985.0,5.53723
79.8,3990.0,5.51545
79.9,3995.0,5.49375
80.0,4000.0,5.47212
80.1,4005.0,5.45047
80.2,4010.0,5.42895
80.3,4015.0,5.40742
80.4,4020.0,5.38587
80.5,4025.0,5.36429
80.6,4030.0,5.34279
80.7,4035.0,5.32139
80.8,4040.0,5.30001
80.9,4045.0,5.27865
81.0,4050.0,5.25735
81.1,4055.0,5.2359
81.2,4060.0,5.2144
81.3,4065.0,5.19287
81.4,4070.0,5.1714
81.5,4075.0,5.15
81.6,4080.0,5.12857
81.7,4085.0,5.10712
81.8,4090.0,5.08554
81.9,4095.0,5.06393
82.0,4100.0,5.04226
82.1,4105.0,5.02062
82.2,4110.0,4.99895
82.3,4115.0,4.97722
82.4,4120.0,4.95552
82.5,4125.0,4.93377
82.6,4130.0,4.91185
82.7,4135.0,4.88989
82.8,4140.0,4.86783
82.9,4145.0,4.84562
83.0,4150.0,4.82337
83.1,4155.0,4.80111
83.2,4160.0,4.77907
83.3,4165.0,4.75698
83.4,4170.0,4.73475
83.5,4175.0,4.71246
83.6,4180.0,4.69005
83.7,4185.0,4.66755
83.8,4190.0,4.64483
83.9,4195.0,4.62208
84.0,4200.0,4.59916
84.1,4205.0,4.57614
84.2,4210.0,4.55303
84.3,4215.0,4.52994
84.4,4220.0,4.50685
84.5,4225.0,4.48368
84.6,4230.0,4.46033
84.7,4235.0,4.43705
84.8,4240.0,4.41366
84.9,4245.0,4.3903
85.0,4250.0,4.36691
85.1,4255.0,4.34342
85.2,4260.0,4.31975
85.3,4265.0,4.29598
85.4,4270.0,4.27204
85.5,4275.0,4.24794
85.6,4280.0,4.22384
85.7,4285.0,4.19974
85.8,4290.0,4.17554
85.9,4295.0,4.15107
86.0,4300.0,4.12661
86.1,4305.0,4.10185
86.2,4310.0,4.07691
86.3,4315.0,4.05201
86.4,4320.0,4.02691
86.5,4325.0,4.00194
86.6,4330.0,3.97696
86.7,4335.0,3.95182
86.8,4340.0,3.92638
86.9,4345.0,3.9011
87.0,4350.0,3.87497
87.1,4355.0,3.84859
87.2,4360.0,3.82212
87.3,4365.0,3.79615
87.4,4370.0,3.77008
87.5,4375.0,3.74406
87.6,4380.0,3.71533
87.7,4385.0,3.6864
87.8,4390.0,3.65868
87.9,4395.0,3.63257
88.0,4400.0,3.60643
88.1,4405.0,3.58009
88.2,4410.0,3.55059
88.3,4415.0,3.52186
88.4,4420.0,3.49264
88.5,4425.0,3.46521
88.6,4430.0,3.43682
88.7,4435.0,3.40813
88.8,4440.0,3.37799
88.9,4445.0,3.3455
89.0,4450.0,3.31403
89.1,4455.0,3.28425
89.2,4460.0,3.25428
89.3,4465.0,3.2244
89.4,4470.0,3.19401
89.5,4475.0,3.16288
89.6,4480.0,3.13209
89.7,4485.0,3.10116
89.8,4490.0,3.06947
89.9,4495.0,3.03715
90.0,4500.0,3.00447
90.1,4505.0,2.97214
90.2,4510.0,2.93804
90.3,4515.0,2.90393
90.4,4520.0,2.87053
90.5,4525.0,2.83762
90.6,4530.0,2.80397
90.7,4535.0,2.77065
90.8,4540.0,2.73698
90.9,4545.0,2.70274
91.0,4550.0,2.66813
91.1,4555.0,2.63286
91.2,4560.0,2.59728
91.3,4565.0,2.56087
91.4,4570.0,2.52262
91.5,4575.0,2.48481
91.6,4580.0,2.44769
91.7,4585.0,2.40974
91.8,4590.0,2.37264
91.9,4595.0,2.33571
92.0,4600.0,2.29755
92.1,4605.0,2.25646
92.2,4610.0,2.21786
92.3,4615.0,2.17763
92.4,4620.0,2.13662
92.5,4625.0,2.09607
92.6,4630.0,2.05618
92.7,4635.0,2.01608
92.8,4640.0,1.9744
92.9,4645.0,1.93557
93.0,4650.0,1.89705
93.1,4655.0,1.86011
93.2,4660.0,1.82323
93.3,4665.0,1.78772
93.4,4670.0,1.75193
93.5,4675.0,1.71699
93.6,4680.0,1.68202
93.7,4685.0,1.64644
93.8,4690.0,1.61208
93.9,4695.0,1.57615
94.0,4700.0,1.54138
94.1,4705.0,1.50501
94.2,4710.0,1.46887
94.3,4715.0,1.43346
94.4,4720.0,1.401
94.5,4725.0,1.36801
94.6,4730.0,1.33843
94.7,4735.0,1.30862
94.8,4740.0,1.28017
94.9,4745.0,1.25287
95.0,4750.0,1.22606
95.1,4755.0,1.20018
95.2,4760.0,1.17479
95.3,4765.0,1.15025
95.4,4770.0,1.12504
95.5,4775.0,1.10167
95.6,4780.0,1.07885
95.7,4785.0,1.0565
95.8,4790.0,1.03463
95.9,4795.0,1.01288
96.0,4800.0,0.991661
96.1,4805.0,0.971042
96.2,4810.0,0.950716
96.3,4815.0,0.930572
96.4,4820.0,0.91087
96.5,4825.0,0.891464
96.6,4830.0,0.87222
96.7,4835.0,0.85356
96.8,4840.0,0.835088
96.9,4845.0,0.816734
97.0,4850.0,0.798704
97.1,4855.0,0.780886
97.2,4860.0,0.763095
97.3,4865.0,0.745628
97.4,4870.0,0.728346
97.5,4875.0,0.711315
97.6,4880.0,0.694425
97.7,4885.0,0.677728
97.8,4890.0,0.661216
97.9,4895.0,0.644887
98.0,4900.0,0.628733
98.1,4905.0,0.612933
98.2,4910.0,0.59709
98.3,4915.0,0.581206
98.4,4920.0,0.565337
98.5,4925.0,0.549444
98.6,4930.0,0.5337
98.7,4935.0,0.517916
98.8,4940.0,0.502419
98.9,4945.0,0.487503
99.0,4950.0,0.472511
99.1,4955.0,0.457541
99.2,4960.0,0.44246
99.3,4965.0,0.427203
99.4,4970.0,0.412006
99.5,4975.0,0.396911
99.6,4980.0,0.38187
99.7,4985.0,0.367045
99.8,4990.0,0.353035
99.9,4995.0,0.339215
100.0,5000.0,0.325669
100.1,5005.0,0.312267
100.2,5010.0,0.299273
100.3,5015.0,0.286281
100.4,5020.0,0.273377
100.5,5025.0,0.260409
100.6,5030.0,0.247966
100.7,5035.0,0.236884
100.8,5040.0,0.226324
100.9,5045.0,0.216092
101.0,5050.0,0.206078
101.1,5055.0,0.196267
101.2,5060.0,0.186369
101.3,5065.0,0.176251
101.4,5070.0,0.166016
101.5,5075.0,0.155996
101.6,5080.0,0.147149
101.7,5085.0,0.13856
101.8,5090.0,0.130089
101.9,5095.0,0.121911
102.0,5100.0,0.114407
102.1,5105.0,0.107552
102.2,5110.0,0.10045
102.3,5115.0,0.0931827
102.4,5120.0,0.0863726
102.5,5125.0,0.0801505
102.6,5130.0,0.0740685
102.7,5135.0,0.0688848
102.8,5140.0,0.0638731
102.9,5145.0,0.0592312
103.0,5150.0,0.053651
103.1,5155.0,0.0490016
103.2,5160.0,0.0448533
103.3,5165.0,0.0410044
103.4,5170.0,0.0378635
103.5,5175.0,0.0352041
103.6,5180.0,0.0319781
103.7,5185.0,0.0291603
103.8,5190.0,0.0258394
103.9,5195.0,0.0229775
104.0,5200.0,0.0205544
104.1,5205.0,0.0186104
104.2,5210.0,0.0166206
104.3,5215.0,0.0148763
104.4,5220.0,0.013014
104.5,5225.0,0.0117215
104.6,5230.0,0.00932899
104.7,5235.0,0.00773601
104.8,5240.0,0.00642315
104.9,5245.0,0.00565007
105.0,5250.0,0.00454514
105.1,5255.0,0.00368406
105.2,5260.0,0.00280655
105.3,5265.0,0.00213214
105.4,5270.0,0.00141022
105.5,5275.0,0.00102229
105.6,5280.0,0.000515599
105.7,5285.0,0.00027564
105.8,5290.0,0.00019371
105.9,5295.0,0.000144097
106.0,5300.0,0.0
106.1,5305.0,0.0
106.2,5310.0,0.0
106.3,5315.0,0.0
106.4,5320.0,0.0
106.5,5325.0,0.0
106.6,5330.0,0.0
106.7,5335.0,0.0
106.8,5340.0,0.0
106.9,5345.0,0.0
107.0,5350.0,0.0
107.1,5355.0,0.0
107.2,5360.0,0.0
107.3,5365.0,0.0
107.4,5370.0,0.0
107.5,5375.0,0.0
107.6,5380.0,0.0
107.7,5385.0,0.0
107.8,5390.0,0.0
107.9,5395.0,0.0
108.0,5400.0,0.0
108.1,5405.0,0.0
108.2,5410.0,0.0
108.3,5415.0,0.0
108.4,5420.0,0.0
108.5,5425.0,0.0
108.6,5430.0,0.0
108.7,5435.0,0.0
108.8,5440.0,0.0
108.9,5445.0,0.0
109.0,5450.0,0.0
109.1,5455.0,0.0
109.2,5460.0,0.0
109.3,5465.0,0.0
109.4,5470.0,0.0
109.5,5475.0,0.0
109.6,5480.0,0.0
109.7,5485.0,0.0
109.8,5490.0,0.0
109.9,5495.0,0.0
110.0,5500.0,0.0
110.1,5505.0,0.0
110.2,5510.0,0.0
110.3,5515.0,0.0
110.4,5520.0,0.0
110.5,5525.0,0.0
110.6,5530.0,0.0
110.7,5535.0,0.0
110.8,5540.0,0.0
110.9,5545.0,0.0
111.0,5550.0,0.0
111.1,5555.0,0.0
111.2,5560.0,0.0
111.3,5565.0,0.0
111.4,5570.0,0.0
111.5,5575.0,0.0
111.6,5580.0,0.0
111.7,5585.0,0.0
111.8,5590.0,0.0
111.89999999999999,5595.0,0.0
111.99999999999999,5599.999999999999,0.0
112.09999999999998,5604.999999999999,0.0
112.19999999999997,5609.999999999999,0.0
112.29999999999997,5614.999999999998,0.0
112.39999999999996,5619.999999999998,0.0
112.49999999999996,5624.999999999998,0.0
112.59999999999995,5629.999999999997,0.0
112.69999999999995,5634.999999999997,0.0
112.79999999999994,5639.999999999997,0.0
112.89999999999993,5644.999999999996,0.0
112.99999999999993,5649.999999999996,0.0
113.09999999999992,5654.999999999996,0.0
113.19999999999992,5659.999999999995,0.0
113.29999999999991,5664.999999999995,0.0
113.3999999999999,5669.999999999995,0.0
113.4999999999999,5674.999999999995,0.0
113.5999999999999,5679.9999999999945,0.0
113.69999999999989,5684.9999999999945,0.0
113.79999999999988,5689.9999999999945,0.0
113.89999999999988,5694.999999999994,0.0
113.99999999999987,5699.999999999994,0.0
114.09999999999987,5704.999999999994,0.0
114.19999999999986,5709.999999999993,0.0
114.29999999999986,5714.999999999993,0.0
114.39999999999985,5719.999999999993,0.0
114.49999999999984,5724.999999999992,0.0
114.59999999999984,5729.999999999992,0.0
114.69999999999983,5734.999999999992,0.0
114.79999999999983,5739.999999999991,0.0
114.89999999999982,5744.999999999991,0.0
114.99999999999982,5749.999999999991,0.0
115.09999999999981,5754.999999999991,0.0
115.1999999999998,5759.99999999999,0.0
115.2999999999998,5764.99999999999,0.0
115.39999999999979,5769.99999999999,0.0
115.49999999999979,5774.999999999989,0.0
115.59999999999978,5779.999999999989,0.0
115.69999999999978,5784.999999999989,0.0
115.79999999999977,5789.999999999988,0.0
115.89999999999976,5794.999999999988,0.0
115.99999999999976,5799.999999999988,0.0
116.09999999999975,5804.999999999987,0.0
